	"baseMean"	"baseMeanA"	"baseMeanB"	"foldChange"	"log2FoldChange"	"pval"	"padj"
asnA	1283.308417	791.8768211	2020.45581	2.551477397	1.351332861	3.82E-30	1.65E-26
t0575	1459.633408	1933.500943	748.832105	0.387293375	-1.368501273	4.19E-22	9.05E-19
t1021	2648.966509	3348.037535	1600.35997	0.477999411	-1.064919255	1.59E-19	2.29E-16
t0866	504.5527442	646.8116677	291.164359	0.450153226	-1.151511935	2.17E-19	2.34E-16
t0865	508.0813364	648.1993776	297.9042746	0.459587412	-1.121588811	6.62E-19	4.77E-16
t3151	7375.428086	9470.252431	4233.19157	0.44699881	-1.161657103	5.80E-19	4.77E-16
t1826	351.7065246	450.4739209	203.5554303	0.451869511	-1.146021878	2.89E-18	1.78E-15
t1827	269.9409629	350.5413093	149.0404432	0.425172267	-1.233880598	4.25E-18	2.30E-15
yacC	529.780619	666.8552584	324.1686598	0.486115474	-1.040629037	1.18E-16	5.67E-14
t1447	561.9514794	705.2740552	346.9676156	0.491961406	-1.023382954	1.80E-16	7.79E-14
t2864	1332.52554	1660.557824	840.4771146	0.506141432	-0.98238752	3.68E-16	1.45E-13
t0384	651.8305234	872.6340383	320.625251	0.367422352	-1.444488699	4.21E-16	1.51E-13
t0352	2440.819941	3026.696351	1562.005325	0.516075993	-0.954344574	7.33E-16	2.44E-13
t3150	6166.860842	7655.698877	3933.603789	0.513813808	-0.960682435	5.22E-15	1.61E-12
tktB	499.9338971	617.2419047	323.9718856	0.524870206	-0.929967389	6.96E-14	2.00E-11
t2485	1033.952353	1263.523432	689.5957339	0.545772018	-0.873629665	1.72E-13	4.65E-11
cyoE	2678.07359	1941.798639	3782.486015	1.947929069	0.961941145	1.95E-13	4.95E-11
ptsO	479.8666794	585.9119977	320.798702	0.547520282	-0.869015688	4.10E-12	9.84E-10
t1018	154.2178412	197.2108875	89.72827167	0.4549864	-1.136104674	4.65E-12	1.06E-09
ygaC	405.0650651	493.606085	272.2535352	0.55156033	-0.858409397	7.48E-12	1.62E-09
t1628	922.4012419	1109.472618	641.7941783	0.578467795	-0.789691453	1.30E-11	2.66E-09
nlpC	1035.394998	1249.761831	713.8447486	0.57118463	-0.807970937	1.85E-11	3.63E-09
t0860	435.9850265	543.1939531	275.1716365	0.506580817	-0.981135648	3.93E-11	7.37E-09
infA	662.8769094	809.3215993	443.2098746	0.547631343	-0.868723074	4.34E-11	7.80E-09
t1235	401.2640225	487.8925979	271.3211593	0.556108374	-0.846562033	4.94E-11	8.52E-09
t1733	724.5212455	889.4338211	477.1523821	0.536467549	-0.89843719	5.76E-10	9.57E-08
ogt	758.9121093	899.2588213	548.3920413	0.609826702	-0.713528773	1.14E-09	1.82E-07
rfaH	430.1889013	516.8752263	300.1594138	0.580719289	-0.78408714	1.33E-09	2.06E-07
gtrA	86.68768441	112.2935313	48.27891407	0.429934953	-1.217809692	1.42E-09	2.11E-07
mioC	778.7314508	921.474736	564.6165228	0.612731419	-0.706673264	1.46E-09	2.11E-07
t0864	115.1628221	145.1086191	70.24412659	0.48407963	-1.046683709	2.59E-09	3.60E-07
cyoD	2064.324642	1672.60816	2651.899365	1.585487521	0.664926522	3.45E-09	4.65E-07
t0101	433.3128146	518.4628666	305.5877366	0.589411039	-0.762654015	3.87E-09	5.06E-07
sifB	23617.96663	30227.28067	13703.99558	0.453365148	-1.141254605	4.30E-09	5.46E-07
yheA	348.735085	466.0902775	172.7022963	0.370534003	-1.432322154	6.39E-09	7.89E-07
t1835	1329.273906	1568.458557	970.4969308	0.618758415	-0.692551854	6.61E-09	7.92E-07
t4179	486.3962347	383.7604244	640.3499501	1.668619038	0.738654611	8.22E-09	9.59E-07
fba	3269.016626	2643.476811	4207.326349	1.591588143	0.670467056	9.87E-09	1.12E-06
t0867	128.9024676	160.2356517	81.90269153	0.511139005	-0.968212408	1.05E-08	1.16E-06
t0678	133.2617415	100.1375919	182.9479659	1.826965902	0.869449708	1.16E-08	1.25E-06
scsA	236.6445506	286.825163	161.3736319	0.562620205	-0.829766731	1.27E-08	1.34E-06
fliR	190.2912342	230.0825183	130.604308	0.567641162	-0.816948886	1.56E-08	1.60E-06
t1258	831.9811674	973.9215911	619.070532	0.6356472	-0.65370184	1.88E-08	1.89E-06
yffH	429.2901135	508.1568116	310.9900663	0.611996256	-0.708405267	1.98E-08	1.90E-06
t1011	288.6018616	346.1950935	202.2120136	0.584098439	-0.775716567	1.98E-08	1.90E-06
acnA	3671.642062	2971.448876	4721.931841	1.589100819	0.668210658	2.06E-08	1.94E-06
staC	585.6100944	688.6787291	431.0071424	0.625846457	-0.676119341	2.49E-08	2.29E-06
t3199	20947.78126	24914.2447	14998.0861	0.601988392	-0.732192427	2.88E-08	2.59E-06
fliQ	160.7382146	196.4302196	107.2002071	0.54574193	-0.873709203	3.15E-08	2.78E-06
ssaE	4698.496974	5577.628804	3379.79923	0.605956285	-0.722714376	3.32E-08	2.87E-06
sucD	3666.144475	2836.557558	4910.524852	1.731156429	0.791736094	4.40E-08	3.73E-06
garL	260.3648165	207.1034581	340.256854	1.642931785	0.71627258	5.26E-08	4.37E-06
t3272	165.781833	201.9796895	111.4850484	0.551961678	-0.857359988	7.20E-08	5.86E-06
yhdJ	129.8431012	160.6047457	83.70063453	0.521159161	-0.940204059	8.92E-08	7.13E-06
t0521	131.4517309	97.70572679	182.0707372	1.863460241	0.897984038	9.62E-08	7.42E-06
t3147	572.7297417	672.0965201	423.6795741	0.630385014	-0.665694857	9.62E-08	7.42E-06
yiiM	899.9649069	724.8796788	1162.592749	1.60384238	0.681532366	1.03E-07	7.77E-06
phoE	307.2615321	360.9507054	226.7277721	0.628140543	-0.670840704	1.18E-07	8.75E-06
pagD	137.5186369	167.2365416	92.94177984	0.55575043	-0.847490936	1.21E-07	8.87E-06
t1247	331.0940329	388.8305324	244.4892836	0.628781084	-0.669370278	1.42E-07	1.02E-05
radC	351.1722008	413.7612279	257.2886602	0.62182883	-0.685410589	1.46E-07	1.03E-05
katG	711.0791597	583.2206008	902.8669981	1.54807117	0.630471799	1.61E-07	1.12E-05
dcuR	312.391987	368.3240508	228.4938912	0.62036104	-0.68882001	2.05E-07	1.41E-05
ybfM	834.2719755	967.3114922	634.7127005	0.656161646	-0.607876828	2.37E-07	1.60E-05
ftsI	865.2834387	720.8354012	1081.955495	1.500974416	0.585899386	2.42E-07	1.61E-05
t4332	698.1093944	536.0387769	941.2153206	1.755871704	0.812187436	2.83E-07	1.85E-05
aldB	2323.753721	1933.868413	2908.581683	1.50402254	0.588826188	3.42E-07	2.21E-05
t3963	496.5596435	582.9835529	366.9237794	0.62938959	-0.667974778	3.58E-07	2.27E-05
t1306	57.49848606	74.74088274	31.63489105	0.42326087	-1.240380976	5.18E-07	3.24E-05
rplS	1711.723871	1433.159728	2129.570085	1.485926546	0.571362801	5.38E-07	3.32E-05
t0677	165.1244212	133.3352106	212.8082372	1.596039307	0.674496183	5.85E-07	3.56E-05
pipB	3612.153808	4166.077432	2781.268371	0.667598818	-0.582946694	6.50E-07	3.90E-05
narX	1521.642957	1286.760987	1873.965913	1.456343433	0.54235061	6.72E-07	3.97E-05
rplT	9020.062597	7439.138173	11391.44923	1.531286148	0.614743901	6.87E-07	4.01E-05
t2891	128.4685746	177.2943341	55.22993535	0.311515512	-1.682624088	7.26E-07	4.18E-05
sitA	973.555571	818.469109	1206.185264	1.473708965	0.559451643	7.99E-07	4.54E-05
exbD	324.7621531	265.1787944	414.1371912	1.561728162	0.643143357	8.36E-07	4.69E-05
asnB	896.0542711	751.9219183	1112.2528	1.479213165	0.564829969	8.57E-07	4.70E-05
ecnR	314.1351368	367.706944	233.777426	0.63577104	-0.653420794	8.60E-07	4.70E-05
uxaC	2687.131698	2234.420403	3366.198639	1.506519827	0.59121966	9.16E-07	4.95E-05
rbsD	2273.523633	2665.398989	1685.710598	0.632442124	-0.660994633	9.95E-07	5.30E-05
hutH	410.90794	339.301237	518.3179945	1.527604199	0.611270791	1.02E-06	5.33E-05
yajD	533.8456053	616.5965264	409.7192236	0.664485131	-0.589691178	1.02E-06	5.33E-05
hemA	2995.263164	3459.943851	2298.242132	0.664242609	-0.590217824	1.14E-06	5.87E-05
t0936	106.2258367	129.2794876	71.64536026	0.554189699	-0.851548201	1.22E-06	6.18E-05
t3141	278.3733428	327.5822683	204.5599546	0.624453685	-0.679333522	1.24E-06	6.22E-05
manY	1481.657761	1245.140373	1836.433841	1.47488097	0.560598527	1.28E-06	6.30E-05
t2673	1646.461655	1309.356231	2152.11979	1.643647266	0.716900724	1.27E-06	6.30E-05
zur	1214.084664	1392.762672	946.0676522	0.67927413	-0.557934184	1.38E-06	6.69E-05
t4331	462.7947025	362.7179919	612.9097684	1.689769413	0.756826389	1.54E-06	7.37E-05
ybdO	243.8522987	287.1186974	178.9527007	0.623270802	-0.682068967	1.62E-06	7.70E-05
t0568	412.9293996	475.7723143	318.6650276	0.669784723	-0.578230625	1.67E-06	7.85E-05
t2809	87.39021309	108.3477716	55.9538754	0.516428484	-0.953359519	1.74E-06	8.07E-05
lipB	433.1529049	500.3218749	332.39945	0.664371211	-0.589938536	1.85E-06	8.50E-05
t3273	356.5678465	414.5318448	269.6218489	0.650424937	-0.620545525	2.17E-06	9.86E-05
tpx	15974.94175	13146.28518	20217.9266	1.537919368	0.620979865	2.44E-06	0.000109534
t1410	126.4009387	153.096022	86.35831388	0.564079411	-0.826029816	2.70E-06	0.000120155
t0361	759.0736989	868.5175	594.9079972	0.684969499	-0.545888346	2.99E-06	0.000131731
cheB	292.0385526	245.0045064	362.5896219	1.479930419	0.565529347	3.04E-06	0.000132499
t1876	958.5249725	1098.240694	748.9513909	0.6819556	-0.552250282	3.07E-06	0.000132742
t1617	1166.290929	1328.865466	922.4291224	0.694147862	-0.526685087	3.44E-06	0.000146925
t2967	3219.721291	2739.829299	3939.559278	1.437884936	0.523948232	3.70E-06	0.000156636
tcfD	1245.309087	1425.340612	975.2618005	0.684230697	-0.547445265	3.83E-06	0.000160374
ydhA	162.9747427	195.903859	113.5810681	0.579779636	-0.786423433	3.87E-06	0.000160676
dinF	2161.580012	1810.474261	2688.238638	1.48482566	0.570293547	4.18E-06	0.000172068
gabD	257.1333043	203.856056	337.0491767	1.653368476	0.725408285	4.25E-06	0.000172986
t2832	364.9706533	420.7524847	281.2979063	0.668559109	-0.580872977	4.30E-06	0.000173625
t0296	352.0692794	406.810412	269.9575803	0.663595553	-0.591623877	4.64E-06	0.000185623
yjfO	1230.776887	1408.575868	964.0784151	0.684434851	-0.547014871	4.71E-06	0.00018652
t3355	220.3501361	257.6721984	164.3670427	0.637892034	-0.648615833	4.76E-06	0.000186734
minE	1740.947606	1484.808032	2125.156967	1.431267155	0.517292985	5.51E-06	0.000214316
yjeH	389.9827387	464.0894515	278.8226696	0.600795103	-0.735055042	6.12E-06	0.00023576
t1020	435.9219542	507.0754086	329.1917726	0.649196879	-0.623272031	6.80E-06	0.000260031
pduX	743.1270963	869.5497382	553.4931334	0.636528434	-0.651703133	6.88E-06	0.000260645
t2165	558.8921982	475.2364324	684.3758469	1.440074456	0.526143405	7.01E-06	0.000261167
t3945	1875.970054	1591.388722	2302.842051	1.447064453	0.533129182	7.02E-06	0.000261167
fucU	97.70770619	75.31344761	131.2990941	1.743368525	0.801877568	7.64E-06	0.00028206
fadB	87733.50875	68573.0929	116474.1325	1.698539873	0.764295086	8.27E-06	0.00029998
t3976	959.6432955	821.5157618	1166.834596	1.420343529	0.506239907	8.24E-06	0.00029998
t1431	1083.761011	1228.315169	866.9297734	0.705787729	-0.502693748	8.61E-06	0.000309845
manX	3972.101065	3377.051619	4864.675234	1.440509587	0.526579262	9.08E-06	0.000322584
fumA	12447.12512	10500.87325	15366.50293	1.463354768	0.549279571	9.11E-06	0.000322584
ybiI	200.355004	234.3872093	149.3066961	0.637008719	-0.650614975	9.47E-06	0.000332501
pfkB	1561.839796	1348.540444	1881.788823	1.395426316	0.480705946	1.05E-05	0.000364639
t3047	145.1420505	179.9461181	92.93594904	0.516465429	-0.953256314	1.07E-05	0.000370652
rpsP	1781.610916	2012.659714	1435.037719	0.713005636	-0.488014615	1.18E-05	0.000404613
zwf	1639.156858	1412.677105	1978.876487	1.400798866	0.486249821	1.41E-05	0.000479513
lexA	2675.150478	2267.319275	3286.897283	1.449684356	0.535738813	1.48E-05	0.000495324
deoB	2786.797918	2403.791886	3361.306965	1.398335265	0.483710303	1.48E-05	0.000495324
exoX	1221.988684	1385.346066	976.9526102	0.705204739	-0.503885926	1.52E-05	0.000503708
hns	24203.90431	20183.69474	30234.21866	1.497952632	0.582992004	1.54E-05	0.000506316
pepN	2144.478213	1850.893751	2584.854906	1.396544185	0.48186122	1.55E-05	0.000506316
yaiA	285.8169342	327.7554777	222.9091188	0.680107989	-0.556164256	1.57E-05	0.000508304
dcp	953.834316	820.5717594	1153.728151	1.406005188	0.491601918	1.64E-05	0.000527247
glpE	391.8782311	450.8025739	303.4917169	0.673225342	-0.570838611	1.67E-05	0.000534785
t2657	839.239594	949.5985546	673.701153	0.709458907	-0.495208971	1.70E-05	0.000541005
hha	2267.315365	2658.945112	1679.870744	0.631780903	-0.662503766	1.82E-05	0.000570955
t3579	572.3145429	653.6170175	450.360831	0.689028619	-0.537364188	1.82E-05	0.000570955
t1349	3005.305617	2583.746413	3637.644424	1.407895297	0.493540047	1.86E-05	0.000577961
menB	785.4199732	668.5337734	960.749273	1.437099083	0.523159534	1.94E-05	0.0005973
rci	362.1806602	420.8641333	274.1554506	0.651410821	-0.61836041	1.96E-05	0.000601133
waaL	1461.282262	1253.752832	1772.576407	1.413816472	0.499594856	2.13E-05	0.000647202
pmrD	3738.022774	4225.958136	3006.11973	0.711346311	-0.491376004	2.32E-05	0.000699671
gidB	386.8767656	439.4210737	308.0603033	0.701059466	-0.512391271	2.37E-05	0.000709742
proW	156.6256392	129.0159743	198.0401365	1.535004773	0.618243142	2.39E-05	0.000712543
metL	405.9751065	346.727121	494.8470849	1.427194629	0.513182091	2.46E-05	0.00072644
t1986	50.87037836	62.9702602	32.72055561	0.51961919	-0.944473383	2.61E-05	0.000767991
wzxC	180.8759983	209.2313858	138.3429172	0.661195817	-0.596850496	2.78E-05	0.000811089
envE	596.7222185	675.1597248	479.0659591	0.709559444	-0.495004542	3.04E-05	0.000879736
pyrB	101.1632104	81.46050258	130.7172721	1.604670583	0.682277162	3.17E-05	0.000912548
cedA	315.3048081	362.3896421	244.6775571	0.67517812	-0.566659943	3.26E-05	0.000931719
t0535	113.0329948	136.0292816	78.53856455	0.577365135	-0.792444104	3.53E-05	0.001001634
yfeC	130.9026817	153.7607061	96.61564515	0.628350686	-0.670358135	3.64E-05	0.001019349
t4274	121.6786969	143.2183502	89.36921704	0.624006749	-0.680366463	3.61E-05	0.001019349
t0102	4064.350837	4603.135647	3256.173624	0.707381636	-0.499439329	3.69E-05	0.001028516
yadS	1486.153865	1675.002025	1202.881624	0.718137415	-0.477668167	3.76E-05	0.001036492
grxB	14040.57661	11838.53214	17343.64332	1.465016365	0.55091678	3.77E-05	0.001036492
yejL	519.1232323	588.3650469	415.2605105	0.705787186	-0.502694859	3.93E-05	0.001075033
t1328	494.0281101	557.9466505	398.1502995	0.713599229	-0.486814039	4.02E-05	0.001093069
hutU	704.1408213	590.5827487	874.4779301	1.480703478	0.566282759	4.09E-05	0.001104876
fadA	34787.23498	28159.52485	44728.80017	1.588407489	0.667581068	4.33E-05	0.001161001
csgD	167.674761	194.8454143	126.9187811	0.651381925	-0.618424406	4.43E-05	0.001180571
deoD	323.8759871	278.412861	392.0706762	1.408234788	0.493887887	4.46E-05	0.001182469
t4281	519.945852	590.8459574	413.5956939	0.700005964	-0.514560882	4.53E-05	0.001193362
t1187	2636.874208	2297.00748	3146.674301	1.369901634	0.454072304	4.70E-05	0.00122812
ribB	3972.898371	3458.066631	4745.145981	1.372196226	0.456486804	4.72E-05	0.00122812
argH	602.7948851	522.598772	723.0890548	1.383640937	0.468469604	4.86E-05	0.001257264
int	841.6277001	947.2093685	683.2551975	0.721334924	-0.471258821	5.08E-05	0.001294845
acrR	1577.535746	1781.931071	1270.94276	0.713239014	-0.487542475	5.05E-05	0.001294845
t3352	192.5514804	222.5683037	147.5262455	0.662835826	-0.593276513	5.13E-05	0.001294845
t4266	257.3624169	301.9384939	190.4983015	0.630917572	-0.664476562	5.13E-05	0.001294845
mtlA	1569.330911	1358.093765	1886.186629	1.388848603	0.473889341	5.21E-05	0.001307184
t1329	172.9193054	208.5484565	119.4755788	0.572891216	-0.803666878	5.27E-05	0.001314639
yebL	1284.75981	1496.821612	966.6671069	0.645813168	-0.630811238	5.52E-05	0.001362556
ssb	535.9608593	608.9276291	426.5107045	0.70042922	-0.513688824	5.51E-05	0.001362556
t0560	2642.92593	2969.282838	2153.390567	0.725222447	-0.463504514	5.61E-05	0.001376815
t1320	7651.907437	8644.526723	6162.978508	0.712934173	-0.48815922	5.70E-05	0.001390156
dapB	288.5253238	245.5068265	353.0530697	1.438058056	0.52412192	5.91E-05	0.001434796
phnO	494.5805893	558.3830426	398.8769095	0.714342806	-0.485311519	6.05E-05	0.001459515
t4362	1386.623792	1555.747163	1132.938735	0.728228058	-0.457537768	6.19E-05	0.001483822
yodD	71.6661821	86.74818436	49.04317871	0.565351068	-0.822781073	6.59E-05	0.00157264
cII	2297.113656	1902.462604	2889.090234	1.518605531	0.602747168	6.85E-05	0.001625021
t0645	82.04334274	99.15840656	56.37074702	0.56849186	-0.814788402	7.01E-05	0.001648399
sucB	11956.49897	10296.82513	14446.00973	1.402957664	0.488471474	7.02E-05	0.001648399
infB	2070.268221	1789.036875	2492.11524	1.392992662	0.478187658	7.59E-05	0.001770621
sodA	21532.24681	18340.7488	26319.49381	1.435028313	0.521079202	7.66E-05	0.001779189
ybeF	198.3688483	228.6411477	152.9603991	0.668997687	-0.579926871	7.84E-05	0.001809714
hpt	355.245259	404.1633872	281.8680666	0.697411184	-0.519918594	7.96E-05	0.001827625
putA	199.9249676	169.7946648	245.1204219	1.443628527	0.529699557	8.23E-05	0.001879643
gabT	361.6806328	312.0371285	436.1458892	1.397737158	0.48309309	8.40E-05	0.001908859
yabK	251.2747213	215.6932955	304.6468601	1.412407647	0.498156538	8.78E-05	0.001977767
t4334	439.8398451	365.0359122	552.0457443	1.512305299	0.596749415	8.79E-05	0.001977767
aroF	771.5178339	676.6001066	913.8944248	1.350715756	0.433724107	8.92E-05	0.001994568
nusB	1411.496289	1118.659299	1850.751774	1.654437392	0.726340697	9.42E-05	0.002086198
spaQ	56.85892803	40.75179207	81.01963198	1.988124396	0.991408028	9.42E-05	0.002086198
t4330	394.7271282	325.1278169	499.1260953	1.535168846	0.618397339	0.000101185	0.002229161
t1412	346.4485838	395.1747317	273.359362	0.691743019	-0.531691915	0.000104446	0.002289332
ddlA	1277.252944	1463.552249	997.8039861	0.681768613	-0.552645913	0.00010692	0.002331714
rpmJ	311.7674879	368.0165498	227.3938952	0.617890406	-0.694577123	0.00011033	0.002394005
fdoI	1466.528618	1285.648376	1737.848981	1.351729612	0.434806597	0.000113525	0.002451015
fucI	209.607328	177.7405766	257.4074551	1.448219985	0.534280765	0.000118175	0.002538697
rcsF	760.7638528	848.5596805	629.0701111	0.741338677	-0.431795313	0.000119535	0.002555203
cyaY	515.3602094	589.8908218	403.5642908	0.68413387	-0.547649438	0.000121476	0.002583917
ssaG	32609.48486	37299.41583	25574.58842	0.68565654	-0.544442013	0.000122822	0.002599739
t2566	269.5799154	305.8104207	215.2341575	0.703815642	-0.506730518	0.000123491	0.002601133
t1164	534.6113904	600.704807	435.4712655	0.724933878	-0.464078683	0.000126327	0.002615689
t1547	138.1468967	161.9722589	102.4088534	0.632261685	-0.661406299	0.000125581	0.002615689
t1577	533.7197061	618.0852785	407.1713474	0.65876241	-0.602169861	0.000126605	0.002615689
rluB	740.1305484	831.5220369	603.0433157	0.725228303	-0.463492866	0.000124872	0.002615689
t3084	894.0202943	784.016108	1059.026574	1.350771449	0.43378359	0.000128228	0.002636603
t1576	3681.199462	4125.986011	3014.019638	0.730496814	-0.453050113	0.000129073	0.0026414
yajI	198.8905933	230.2210577	151.8948968	0.659778468	-0.599946398	0.000131302	0.002674339
oppA	16318.66145	13944.48721	19879.92283	1.425647464	0.511617275	0.000135336	0.002743566
t1641	104.1693901	123.9586619	74.48548232	0.600889693	-0.734827918	0.000144247	0.002910557
t0660	424.6832883	367.9018503	509.8554453	1.385846374	0.470767339	0.000147242	0.002957172
tviA	51773.09234	63809.34849	33718.70812	0.528428967	-0.920218541	0.000149746	0.002993537
acnB	13049.58958	11279.93059	15704.07808	1.392214071	0.477381061	0.000156686	0.003117827
ybgF	2119.520942	1862.305482	2505.344132	1.345291713	0.427919041	0.000158747	0.003144348
t2263	195.4706011	223.4401832	153.5162279	0.687057385	-0.541497493	0.00016091	0.00317265
t1120	60.86572658	73.92771385	41.27274568	0.558285162	-0.840925883	0.000167091	0.003278523
yihI	808.7121931	911.1857047	655.0019258	0.7188457	-0.476245965	0.000167798	0.003278523
t0522	386.4644969	327.353047	475.1316718	1.451435006	0.537479971	0.000176839	0.003439602
yabJ	260.3206634	222.3239188	317.3157802	1.427267843	0.513256099	0.000179339	0.003457073
t4565	208.0314513	253.8922133	139.2403082	0.548422917	-0.866639237	0.000178598	0.003457073
ivbL	126.8861288	148.2958502	94.77154674	0.639070794	-0.645952338	0.000180456	0.003463148
pgk	3584.305473	3150.433827	4235.112941	1.344295159	0.426849937	0.000183094	0.003482825
t4548	35.8985891	45.25504183	21.86391001	0.483126501	-1.049527104	0.000182824	0.003482825
phsC	674.6869415	592.8775118	797.4010861	1.344967671	0.427571495	0.000185995	0.003511076
motA	834.2798543	705.0817665	1028.076986	1.458096117	0.544085825	0.000186206	0.003511076
t3281	66.91403607	81.08802104	45.65305863	0.5630062	-0.828777284	0.000193052	0.003624337
yfjA	3197.742461	3555.725692	2660.767615	0.748305085	-0.418301517	0.000195431	0.003653129
crr	4468.816964	3923.522616	5286.758488	1.347452024	0.430233906	0.000209202	0.003893677
t3411	574.5359684	650.000653	461.3389414	0.709751505	-0.494614093	0.000212823	0.003944078
nfo	476.515146	419.0972647	562.6419679	1.342509282	0.424932063	0.000214119	0.003951137
t1989	1715.793026	1915.155355	1416.749532	0.739756975	-0.4348767	0.00021737	0.003994058
dut	323.9081809	366.7983325	259.5729535	0.70767212	-0.498847013	0.000233813	0.004277987
t2520	234.4280567	277.7962119	169.375824	0.609712504	-0.713798961	0.000239449	0.004362627
t1403	846.5581134	708.7537233	1053.264698	1.486079951	0.571511735	0.000243006	0.004395556
tesB	940.8721424	833.8635814	1101.384984	1.320821545	0.401435559	0.000243293	0.004395556
rfaD	4507.51139	3970.859863	5312.488679	1.337868588	0.419936415	0.000246655	0.004437742
t3733	1833.240467	2104.725432	1426.013019	0.677529238	-0.561644888	0.000255739	0.004582086
prpC	370.8531906	284.5752724	500.2700679	1.757953401	0.813896828	0.000265231	0.004732508
t4216	194.7895143	222.4439958	153.3077921	0.689197259	-0.537011132	0.000268523	0.004771529
t1013	82.63168424	103.3332116	51.57939325	0.499156007	-1.002437307	0.000272751	0.004826797
adiY	185.6640291	211.5389674	146.8516217	0.694206006	-0.526564248	0.000276279	0.004869283
yqeF	871.1146353	769.7440659	1023.170489	1.329234657	0.410595814	0.000294563	0.005129982
tktA	4878.765486	4281.133921	5775.212835	1.348991399	0.431881149	0.000294635	0.005129982
yhjD	582.075754	650.5657816	479.3407126	0.73680591	-0.440643462	0.000294082	0.005129982
cydA	925.3983659	809.8962737	1098.651504	1.356533596	0.439924778	0.000296318	0.005138563
t4593	265.5613555	301.2049533	212.0959587	0.70415827	-0.506028363	0.000303157	0.005236121
t3191	310.1346501	355.4557473	242.1530042	0.681246557	-0.55375106	0.000319058	0.005467031
t4180	146.3143179	124.8333105	178.5358291	1.430193819	0.516210674	0.000319053	0.005467031
narK	113.4583633	131.4787438	86.42779248	0.657351827	-0.60526236	0.000324801	0.005526693
t3946	6348.443774	5557.356703	7535.074381	1.355873805	0.439222909	0.0003251	0.005526693
t1010	61.78858562	74.0182595	43.4440748	0.586937265	-0.768721786	0.000334004	0.005623101
t1211	26.50500462	33.22183676	16.42975641	0.494546901	-1.015820748	0.000332409	0.005623101
glgX	673.3392263	597.7785527	786.6802368	1.316006125	0.396166204	0.000334677	0.005623101
t2061	490.6337777	549.8228575	401.8501579	0.730872048	-0.452309236	0.000352937	0.00590691
degQ	1421.295598	1251.302448	1676.285322	1.339632416	0.421837192	0.000354382	0.005908197
nadE	2985.729775	2647.46891	3493.121072	1.31941911	0.399902905	0.000356503	0.005920689
ftsL	685.8779576	601.7131225	812.1252103	1.349688381	0.432626354	0.000365828	0.006029176
gatA	35.88197487	45.27755771	21.78860061	0.481222966	-1.0552226	0.00036489	0.006029176
manZ	2070.389865	1776.341514	2511.462392	1.413839835	0.499618695	0.000374985	0.006133278
fidL	67.98436757	79.88805043	50.12884327	0.627488629	-0.672338778	0.000374453	0.006133278
t1836	294.6586441	329.641188	242.1848281	0.734692256	-0.444788027	0.000384491	0.006265028
modB	152.1056783	128.9057462	186.9055764	1.449939835	0.535993037	0.000387662	0.006292948
t1342	56.23506951	67.68260794	39.06376186	0.577161003	-0.792954271	0.000389359	0.006296818
maA	982.9841879	1092.018569	819.4326163	0.750383409	-0.414300165	0.000391969	0.006315389
yicN	160.1086908	191.6270614	112.8311349	0.588805851	-0.764136088	0.000394795	0.006337265
t0935	81.43520924	96.69729797	58.54207614	0.605415843	-0.724001666	0.000399443	0.006388132
t1470	376.8435214	424.212308	305.7903416	0.720842691	-0.47224364	0.000412927	0.006579413
t1179	460.7161639	513.2158508	381.9666336	0.744261178	-0.426119111	0.000421076	0.006684586
yfbB	202.41607	173.6028327	245.6359261	1.414930403	0.500731093	0.000435905	0.006819707
cheA	2178.984898	1916.270234	2573.056892	1.342742191	0.425182331	0.000432863	0.006819707
mgtB	6605.103654	5624.738409	8075.651522	1.435738151	0.521792655	0.000433323	0.006819707
apl	1466.836863	1253.790571	1786.406301	1.424804383	0.510763859	0.000435432	0.006819707
gntR	1026.191377	1138.306282	858.0190197	0.753768149	-0.40780726	0.000450971	0.007029943
hybA	160.3878858	136.0854711	196.8415078	1.446454983	0.532521424	0.000466082	0.007239363
thiD	129.6862166	110.9546432	157.7835767	1.422054744	0.507977004	0.000478736	0.007409259
t2953	552.4712398	632.5481337	432.3558989	0.683514623	-0.548955893	0.000484372	0.007443132
tufA	7552.472175	6611.089901	8964.545587	1.355986036	0.439342321	0.000483118	0.007443132
cysA	57.81957304	46.38862056	74.96600175	1.616042918	0.692465513	0.000492809	0.007545924
t4333	373.5077506	313.98659	462.7894914	1.47391483	0.559653161	0.000498804	0.007610731
t1031	912.5908491	1011.002897	764.9727764	0.756647462	-0.40230682	0.000511107	0.007743719
t3061	652.7513403	574.6462884	769.9089182	1.339796208	0.422013574	0.000509961	0.007743719
mtn	573.0288989	507.7261737	670.9829867	1.321545001	0.402225552	0.000513342	0.007750394
yehS	819.8373482	959.0085854	611.0804925	0.637200231	-0.650181304	0.000525136	0.007846156
erfK	566.3213445	628.415608	473.1799491	0.752972942	-0.409330072	0.000524955	0.007846156
sucC	6563.430048	5596.908164	8013.212874	1.431721343	0.517750727	0.000524381	0.007846156
t4499	35.10098221	25.99146082	48.7652643	1.87620329	0.907816155	0.00052991	0.007890183
ptsG	8970.871003	7870.159953	10621.93758	1.349646976	0.432582094	0.000538803	0.007995018
t4145	385.6286828	330.8878283	467.7399647	1.413590724	0.499364478	0.000559328	0.008271162
maeB	3712.848859	3306.146349	4322.902625	1.307535169	0.386849751	0.000578275	0.008515164
dsrB	296.5494405	339.0285884	232.8307187	0.686758364	-0.542125519	0.000583361	0.008515164
t1344	86.04110442	100.7336921	64.00222284	0.635360637	-0.654352382	0.000582651	0.008515164
t3096	839.9481994	744.9042927	982.5140594	1.318980262	0.399422976	0.000583717	0.008515164
ribH	358.5223589	300.985235	444.8280448	1.477906532	0.563555031	0.000596599	0.008644681
sfhB	3065.214882	3399.025228	2564.499363	0.754480826	-0.406443857	0.000594907	0.008644681
t2541	18934.76541	16278.44776	22919.24188	1.407950084	0.493596187	0.00061126	0.008827496
bcfD	79.96942609	93.29895434	59.97513372	0.642827502	-0.637496443	0.000616996	0.008880631
dsbB	1332.684161	1185.133638	1554.009946	1.311252922	0.390945987	0.000619765	0.008890842
yecI	353.8933846	397.8957257	287.8898729	0.723530951	-0.466873361	0.000639006	0.009136516
pntA	1813.690591	1614.070874	2113.120167	1.309186728	0.388670883	0.000655972	0.009348138
nlpB	2242.189575	1990.059791	2620.38425	1.316736443	0.396966605	0.000669248	0.009505957
t2852	1447.938871	1597.583722	1223.471596	0.765826278	-0.38491093	0.000675112	0.009557814
pntB	940.0161544	832.2498784	1101.665568	1.323719711	0.404597673	0.000687116	0.009695968
nuoF	1414.668979	1253.390359	1656.586911	1.32168474	0.402378094	0.000696132	0.009791199
tnpA	82.33038707	102.1072732	52.66505781	0.515781649	-0.955167649	0.000700379	0.009818953
t0938	383.2934838	424.4181715	321.6064522	0.757758442	-0.400190076	0.000705027	0.009852132
rplQ	2247.122465	1985.025919	2640.267284	1.330092095	0.411526141	0.000707616	0.009856401
t2461	7640.808711	6748.912255	8978.653396	1.330385262	0.411844091	0.000712186	0.009888162
nagE	1068.575437	954.8733368	1239.128587	1.297688959	0.375944628	0.000726325	0.010052158
t4550	930.0021828	829.8346282	1080.253515	1.301769627	0.380474159	0.000731705	0.01009425
lepB	932.1223572	827.1381736	1089.598632	1.317311505	0.397596541	0.00073757	0.010139058
eutE	26.50917447	17.66848444	39.7702095	2.250912331	1.170509867	0.000739649	0.010139058
hofC	153.0825684	176.622209	117.7731075	0.666808032	-0.584656613	0.000744297	0.01017049
t2359	1018.122877	896.3883783	1200.724626	1.339513826	0.421709472	0.000752827	0.010254594
pduL	13.82255575	8.953833936	21.12563847	2.359395832	1.238417478	0.000776941	0.010549777
t1611	117.856573	134.5127541	92.87230124	0.69043491	-0.534422683	0.000795945	0.010773948
spaT	167.364127	144.7845569	201.2334823	1.389882227	0.47496264	0.000802303	0.010826076
prfH	457.1546222	402.5830777	539.0119388	1.338883745	0.421030697	0.000805548	0.010836
yaaH	141.0605474	160.4359846	111.9973917	0.698081493	-0.51853263	0.000821156	0.010977553
t1895	16.27864574	21.87547814	7.883397136	0.360375992	-1.472425191	0.000819372	0.010977553
citC	336.8064753	376.0163946	277.9915963	0.739307116	-0.435754295	0.000833399	0.011106836
cheW	479.6537242	399.6041976	599.728014	1.500805091	0.585736626	0.000837229	0.011112504
narI	212.7609401	240.4839423	171.1764369	0.711799862	-0.490456442	0.000838971	0.011112504
msyB	299.5899572	338.0414324	241.9127445	0.715630456	-0.482713307	0.000845747	0.011167997
t4272	21.44125713	15.32295849	30.61870509	1.99822411	0.998718397	0.000854204	0.011245289
cyoC	3047.860167	2728.300694	3527.199376	1.292819147	0.37052047	0.000863836	0.011337517
t3226	256.6075631	221.9680613	308.5668159	1.390140609	0.475230815	0.000897151	0.011705215
yjbO	565.9197943	475.1798344	702.029734	1.477397994	0.563058524	0.000897273	0.011705215
murE	305.9524287	263.4984179	369.633445	1.402791895	0.488301	0.000906441	0.01178919
t1175	1184.034411	1051.017599	1383.559628	1.316400057	0.396597994	0.000917741	0.011900322
t4267	97.48131062	112.836966	74.44782762	0.659782253	-0.599938122	0.000936295	0.012104559
t4555	395.1223946	438.4354501	330.1528115	0.753024901	-0.409230522	0.000943762	0.012164675
hisM	232.5949786	202.1626192	278.2435176	1.376335144	0.460831816	0.000951495	0.012227839
t0717	14.72794224	19.24465323	7.95287574	0.413251184	-1.274909141	0.001021142	0.013083954
t2659	174.9318887	197.2458454	141.4609536	0.717180904	-0.479591021	0.001031515	0.013100246
uxuB	2486.385769	2210.382465	2900.390726	1.312166909	0.391951244	0.001030132	0.013100246
yjeF	227.9521125	256.1077812	185.7186094	0.725158012	-0.463632703	0.001027116	0.013100246
gor	1735.109118	1541.104275	2026.116383	1.314717256	0.394752566	0.001036416	0.013123886
vexB	4254.489788	3785.71222	4957.656141	1.309570261	0.389093466	0.001041824	0.013153785
zntR	1303.950957	1439.832896	1100.128047	0.764066476	-0.388229932	0.001046236	0.013170988
t0405	228.8062286	259.6177735	182.5889113	0.703298965	-0.507790002	0.001050104	0.013181245
cpxA	1193.898911	1074.510593	1372.981388	1.277773711	0.353632362	0.001059975	0.013266589
folE	1438.651608	1588.115421	1214.455888	0.764715128	-0.38700568	0.001065259	0.013294181
t1556	753.2965929	836.1644537	628.9948017	0.75223815	-0.41073862	0.001072848	0.013350311
mraY	407.9767913	361.9813593	476.9699394	1.317664369	0.397982939	0.001089406	0.013517398
pduG	141.2636014	163.437918	108.0021265	0.66081438	-0.597683013	0.001099542	0.013565205
phrB	128.6935507	111.4213228	154.6018925	1.387543143	0.47253263	0.001098703	0.013565205
t2163	229.8023391	192.771686	285.3483186	1.480239782	0.565830895	0.001117452	0.013746888
htrA	7098.653524	6340.756017	8235.499785	1.298819851	0.37720134	0.001125103	0.013801694
pdxH	1000.48153	1100.841537	849.9415182	0.772083438	-0.37317133	0.001137563	0.013875967
ydeV	2266.464609	2498.343501	1918.646271	0.767967363	-0.380883094	0.001137585	0.013875967
hyaC	62.5539584	75.60078555	42.98371768	0.568561786	-0.814610958	0.001173718	0.014276373
t0524	494.9173214	443.932807	571.3940931	1.28711842	0.364144793	0.001178814	0.014298083
rpsL	1182.162351	1298.060306	1008.315418	0.776786265	-0.364410403	0.00121185	0.014657615
galU	1142.304304	1023.990618	1319.774833	1.288854418	0.366089314	0.001243773	0.014886168
safC	616.2463179	546.8437063	720.3502353	1.317287238	0.397569963	0.001246741	0.014886168
srlM	154.0658165	175.3407471	122.1534205	0.696663054	-0.521467039	0.001247984	0.014886168
yiiF	554.2808732	617.7127097	459.1331185	0.743279378	-0.428023514	0.001247419	0.014886168
t3815	518.310004	462.12026	602.5946201	1.30397793	0.382919452	0.001234412	0.014886168
t3883	259.9686383	232.1536611	301.691104	1.299531967	0.377992123	0.001251809	0.014890662
ssaH	48107.35085	54219.46943	38939.17298	0.718176946	-0.477588752	0.00126559	0.014998833
hypB	173.9693501	149.4992084	210.6745628	1.409201861	0.494878286	0.001267849	0.014998833
glpC	4234.802546	3775.607541	4923.595054	1.304053719	0.383003301	0.001275953	0.015053453
cdtB	532.9025066	595.4632972	439.0613207	0.737344053	-0.439590142	0.001281289	0.015075218
t1527	281.3429951	312.8603238	234.0670021	0.748151761	-0.418597148	0.00129647	0.015121753
t3054	20.67862646	26.2210357	12.36501258	0.471568428	-1.084460964	0.001292512	0.015121753
tatB	2307.137681	2530.493297	1972.104257	0.779335894	-0.35968283	0.001297289	0.015121753
t3413	600.8629843	659.948167	512.2352102	0.776174912	-0.365546293	0.001299252	0.015121753
proY	551.6128014	493.246341	639.1624921	1.295828147	0.3738744	0.001311445	0.015222629
t4169	994.2075535	841.6897467	1222.984264	1.453010766	0.539045392	0.001326183	0.015352433
staE	281.5436414	314.3509311	232.3327069	0.739087064	-0.436183771	0.001358859	0.015688646
t1443	211.0358492	236.2036698	173.2841182	0.733621617	-0.446891945	0.001402256	0.016146509
t0336	2010.615339	1803.300609	2321.587434	1.287410109	0.364471703	0.00141003	0.016192841
t1574	22.69310971	28.40886946	14.11947008	0.497009221	-1.008655476	0.001484462	0.017002404
rph	497.4709901	445.5699503	575.3225496	1.291205902	0.368719078	0.001502803	0.017166937
chaA	458.5941695	410.1336217	531.2849913	1.295394874	0.373391941	0.001515451	0.017265744
fruA	123.5585069	105.8333315	150.1462701	1.418704939	0.504574571	0.001541948	0.017475408
lppA	5352.564358	4564.474834	6534.698643	1.431643043	0.517671825	0.001541694	0.017475408
t4298	18.16623997	23.83061427	9.669678535	0.40576707	-1.301276306	0.001556538	0.017594586
t3198	1176.235157	1042.822585	1376.354016	1.319835259	0.400357864	0.001577818	0.01778856
spaP	116.8659801	96.72882076	147.0717191	1.520453966	0.604502137	0.001599138	0.017981976
baeR	576.1492058	642.0063512	477.3634878	0.743549479	-0.427499347	0.00162417	0.018216014
ybaV	63.99507293	51.53937636	82.67861777	1.604183512	0.681839189	0.001652519	0.018485946
fur	4782.623908	5266.616888	4056.634438	0.770254325	-0.376593216	0.001661059	0.018533469
t1363	111.8811411	127.2847462	88.77573351	0.697457756	-0.519822257	0.001667477	0.018557133
birA	1076.59506	971.6768685	1233.972348	1.269941055	0.344761535	0.00168432	0.018696384
dppD	68.1486427	55.89500784	86.52909499	1.548064815	0.630465876	0.001692783	0.018742148
pta	387.4174378	348.8269134	445.3032244	1.276573588	0.352276704	0.001714896	0.018938414
t2738	289.9082965	328.9270483	231.3801687	0.703439166	-0.50750243	0.001734228	0.019103057
glpR	496.5840828	548.0899685	419.3252543	0.765066464	-0.386343009	0.001753689	0.019268263
ybiJ	724.1041125	627.5593011	868.9213297	1.384604336	0.469473772	0.00179878	0.019713534
iroN	193.7208725	217.2505365	158.4263766	0.729233534	-0.455547189	0.001811261	0.019800062
t1138	205.2381027	229.982139	168.1220482	0.731022195	-0.452012885	0.001826972	0.019882152
t1377	13.45886064	8.368891354	21.09381457	2.520502857	1.33371159	0.001832584	0.019882152
clpA	11149.18541	9940.495145	12962.2208	1.303981403	0.382923294	0.001829133	0.019882152
phsA	1109.800745	957.3780963	1338.434717	1.398021035	0.483386068	0.001864415	0.019996013
t1148	2663.285517	2398.19122	3060.926963	1.276348165	0.352021924	0.001866791	0.019996013
sdhA	16670.04313	14861.94899	19382.18434	1.304148222	0.383107847	0.001855915	0.019996013
sitC	124.4042186	107.6558354	149.5267935	1.388933474	0.4739775	0.001870864	0.019996013
t2974	680.5798574	607.3369396	790.444234	1.301492108	0.380166564	0.001865168	0.019996013
t3229	109.0864631	94.45943151	131.0270104	1.387124699	0.472097488	0.001848328	0.019996013
t1171	3472.479061	3129.180989	3987.426169	1.274271505	0.349672701	0.001887889	0.020083296
t4265	130.0016357	148.3331762	102.5043251	0.691041126	-0.533156523	0.001888332	0.020083296
nusA	1644.350019	1469.395405	1906.78194	1.297664287	0.375917199	0.00193032	0.02042922
t3445	52.68721624	62.0050017	38.71053804	0.624313152	-0.679658237	0.001929358	0.02042922
t1407	198.4360201	227.6297814	154.645378	0.679372343	-0.557725607	0.001951475	0.020552363
artM	259.2835084	228.9659646	304.7598242	1.331026752	0.412539568	0.001947213	0.020552363
t0699	200.3869577	224.3751312	164.4046974	0.732722457	-0.448661262	0.001968677	0.020582921
secB	2279.531178	2056.852722	2613.548863	1.270654352	0.345571637	0.001965443	0.020582921
t4182	370.5976208	412.4146815	307.8720298	0.746510839	-0.421764887	0.001967355	0.020582921
t1451	100.6776443	114.8058926	79.4852719	0.692344879	-0.530437225	0.001991401	0.020770217
selB	374.7017124	334.3025311	435.3004844	1.302115431	0.380857348	0.002027657	0.0210974
exo	283.6382245	314.7961785	236.9012933	0.75255454	-0.410131953	0.00203707	0.021140184
t3385	76.59321024	64.61716364	94.55728013	1.463346189	0.549271113	0.00204156	0.021140184
t3891	10150.4348	11405.46419	8267.890717	0.724906113	-0.46413394	0.002062756	0.021308566
ybaR	733.5228417	662.9515439	839.3797884	1.2661254	0.340420299	0.002113593	0.021781611
t1066	628.5472905	694.925127	528.9805358	0.761205078	-0.393642908	0.002133995	0.021887392
iadA	409.7840041	348.3521912	501.9317236	1.440874311	0.526944493	0.002130725	0.021887392
astC	821.2718628	740.2205685	942.8488043	1.273740348	0.349071214	0.002189786	0.022406385
t1340	371.0534648	323.7907092	441.9475982	1.364917478	0.448813729	0.002200634	0.02246415
yaaF	754.3247608	679.6483008	866.3394507	1.274687879	0.35014403	0.002207217	0.022478211
tar	3923.504509	3461.680377	4616.240707	1.333525977	0.415245929	0.002297425	0.02328705
t1584	635.636369	715.2671811	516.1901509	0.721674592	-0.470579633	0.00229474	0.02328705
t4552	19.35137312	25.0106376	10.8624764	0.434314254	-1.203188794	0.002325	0.023511353
ftnA	2204.777057	1987.455782	2530.758969	1.273366176	0.348647348	0.002346259	0.023670902
sanA	785.8462363	880.7268521	643.5253126	0.73067525	-0.452697755	0.002379054	0.023890125
frdB	472.2792017	421.1356585	548.9945166	1.30360492	0.382506703	0.002377254	0.023890125
rplN	4444.389962	4869.297437	3807.028749	0.781843541	-0.355048165	0.002410427	0.02414901
sdhB	10853.25132	9667.474607	12631.91639	1.306640762	0.385862552	0.00243111	0.024299844
codB	198.4554713	228.1197238	153.9590926	0.674904783	-0.567244118	0.002446544	0.024397638
t3257	1007.559404	1115.836444	845.1438427	0.757408352	-0.400856765	0.002472817	0.024602816
csrA	562.5700122	620.5942063	475.5337209	0.766255495	-0.38410258	0.002485453	0.024615107
torT	523.8330089	573.2178909	449.7556859	0.784615576	-0.349942118	0.002484084	0.024615107
dgt	841.0291978	758.8149971	964.3504988	1.270863784	0.345809405	0.002540775	0.024934241
gltL	350.1438454	310.2299887	410.0146304	1.321647311	0.402337237	0.002534241	0.024934241
acrB	2008.715599	1821.945646	2288.87053	1.256278164	0.329155939	0.002535966	0.024934241
t3174	27.44960445	20.52713456	37.83330929	1.843087703	0.882124723	0.002524867	0.024934241
gyrA	3896.891051	3512.996856	4472.732344	1.273195658	0.348454142	0.002612958	0.025569864
cyoB	11285.80642	10075.71344	13100.94588	1.300249948	0.37878898	0.002617388	0.025569864
t0923	304.524722	252.8911137	381.9751343	1.510433201	0.594962382	0.002638609	0.025718994
t1461	168.8799425	189.7262533	137.6104764	0.725310673	-0.463329017	0.002695612	0.02621543
envZ	364.8042242	323.0255508	427.4722344	1.323338768	0.404182431	0.002748354	0.026668301
yabC	1916.950343	1720.737779	2211.26919	1.285070402	0.361847399	0.002797706	0.027086314
yihQ	248.4210207	218.9198838	292.672726	1.336894214	0.418885312	0.00280781	0.027123315
ygaF	247.3533121	219.0472258	289.8124416	1.323059174	0.403877588	0.002842375	0.027395925
bglA	618.9969274	562.9639384	703.046411	1.248830277	0.32057742	0.002929086	0.028168802
pepD	5916.977312	5171.937754	7034.536649	1.360135598	0.443750487	0.002966042	0.028460818
lspA	1194.541044	1076.976709	1370.887547	1.272903616	0.348123182	0.002991244	0.028639005
icdA	44802.85191	39328.78799	53013.94779	1.347968002	0.430786251	0.003005216	0.028709122
ycbL	1264.805137	1148.000557	1440.012006	1.25436525	0.326957498	0.00302495	0.028833846
yecS	179.5946881	157.4639837	212.7907448	1.351361371	0.434413521	0.003122052	0.029549867
sucA	28301.23898	25106.7861	33092.9183	1.318086599	0.398445159	0.003121788	0.029549867
hyi	138.1190234	119.1225848	166.6136812	1.39867416	0.484059906	0.003119353	0.029549867
yjeT	60.59379387	70.81486972	45.2621801	0.63916209	-0.645746254	0.003127441	0.029549867
t1582	295.0071441	342.103681	224.3623387	0.655831408	-0.608603101	0.00316309	0.029821442
ygjQ	33.6594623	41.26646535	22.24895773	0.539153464	-0.891232117	0.003212937	0.030225411
ftsZ	2418.187648	2178.864878	2777.171803	1.2745957	0.350039698	0.00328113	0.03062865
yfhI	3414.021996	3045.826896	3966.314647	1.30221276	0.38096518	0.003274537	0.03062865
fliM	101.2284471	115.9767085	79.10605498	0.682085705	-0.551975068	0.003269764	0.03062865
truB	635.6882143	571.0130796	732.7009163	1.283159603	0.359700628	0.003284174	0.03062865
yadR	7031.013345	7736.631992	5972.585376	0.771987783	-0.373350079	0.003319654	0.030852189
t3353	56.7189605	66.90258298	41.44352679	0.619460788	-0.690915132	0.003322434	0.030852189
ssaI	47503.59778	52895.44444	39415.82778	0.745164885	-0.424368404	0.00335402	0.030947553
ecnA	124.2893963	139.5153375	101.4504844	0.727163667	-0.459647978	0.003354204	0.030947553
artJ	167.8436135	188.6301765	136.6637691	0.724506394	-0.464929672	0.003353731	0.030947553
t1054	668.2894136	731.1494926	573.9992953	0.785064205	-0.349117448	0.003379866	0.031051622
luxS	3474.328544	3089.783821	4051.145629	1.311142094	0.390824045	0.003375376	0.031051622
t1851	1024.244652	918.3456998	1183.09308	1.288287276	0.365454337	0.00343155	0.031459517
ftsW	390.2187908	344.4806179	458.8260501	1.33193575	0.413524491	0.003471176	0.031755382
rluC	271.1375903	297.3819524	231.7710472	0.779371597	-0.359616739	0.003501519	0.031897806
t1987	79.70708559	91.43538335	62.11463894	0.67932825	-0.557819245	0.003500893	0.031897806
t1840	609.9791544	669.99826	519.9504962	0.776047532	-0.365783076	0.003534279	0.032128452
t1058	1342.743539	1213.628856	1536.415564	1.265968221	0.34024119	0.0035608	0.032233822
t4308	2.967637193	4.735682577	0.315569117	0.066636459	-3.907544452	0.003555436	0.032233822
mltA	543.2257577	603.730588	452.4685123	0.749454345	-0.4160875	0.003596781	0.03249142
motB	1368.279521	1204.538338	1613.891296	1.339842199	0.422063096	0.003623218	0.032661913
sitB	274.1953087	246.6911681	315.4515195	1.278730495	0.354712234	0.003643979	0.032712481
pfkA	940.7303114	848.3710839	1079.269153	1.272166359	0.347287341	0.003641756	0.032712481
t1933	276.4121665	305.9625333	232.0866163	0.758545871	-0.398691669	0.003658468	0.032774405
yebF	2556.507641	2288.379361	2958.700061	1.292923766	0.370637212	0.003679982	0.032898886
t1590	1219.599284	1064.523297	1452.213265	1.364191155	0.448045814	0.00377248	0.033656134
yjcS	824.0069245	748.8419685	936.7543584	1.250937311	0.323009493	0.003789974	0.033742489
t4441	138.5696953	154.8370117	114.1687208	0.737347741	-0.439582924	0.003832481	0.034050723
t2936	73.29465913	59.8182517	93.50927027	1.563223057	0.644523652	0.003940082	0.034934854
t1834	36527.74545	32411.67782	42701.84691	1.317483382	0.397784765	0.003978026	0.035141875
rpmJ	2841.827242	2564.49389	3257.82727	1.270358757	0.34523598	0.003979708	0.035141875
modE	891.2440771	974.6163042	766.1857366	0.786140898	-0.347140189	0.004005159	0.035222562
gpt	625.510892	560.3449293	723.2598359	1.290740396	0.368198863	0.004005007	0.035222562
ybdR	421.8631497	352.3563079	526.1234123	1.493157354	0.578366209	0.004020528	0.035285851
usg	382.831021	344.8077616	439.8659099	1.27568448	0.351271545	0.004049554	0.035325203
pphA	193.973273	216.3877115	160.3516152	0.741038454	-0.432379686	0.004045768	0.035325203
bfr	1212.227975	1322.715552	1046.496611	0.791172833	-0.337935206	0.004037156	0.035325203
glgB	1107.549736	1006.126851	1259.684065	1.252013167	0.324249735	0.004063341	0.035374003
t1579	842.6594135	930.7803881	710.4779517	0.763314269	-0.389650934	0.004097433	0.035456345
t1867	70.44002198	59.61356077	86.6797138	1.45402678	0.540053841	0.004096349	0.035456345
t2850	112.1720025	127.0457388	89.86139807	0.707315325	-0.499574575	0.004084761	0.035456345
ispZ	1243.162404	1124.831795	1420.658318	1.262996231	0.336850334	0.004131158	0.035676684
acs	6401.640945	5793.259282	7314.213439	1.262538596	0.336327492	0.004226709	0.036429005
kefC	79.60868379	67.98502074	97.04417837	1.42743471	0.513424759	0.004258627	0.036460824
rplY	934.2293443	813.430132	1115.428163	1.371264868	0.455507263	0.004241035	0.036460824
t1205	390.7287282	348.3702435	454.2664553	1.303976054	0.382917376	0.004253079	0.036460824
steB	80.71487941	92.06314267	63.69248452	0.691834785	-0.531500541	0.004264177	0.036460824
t1515	179.5206495	202.2129412	145.4822119	0.719450551	-0.475032564	0.004286877	0.036582478
t0010	76.74684165	87.48211832	60.64392666	0.693215114	-0.528624985	0.004321143	0.036718381
kbl	1708.984683	1553.6942	1941.920407	1.249872985	0.321781492	0.004328313	0.036718381
dcuB	99.24589888	112.4659693	79.41579329	0.706131764	-0.501990679	0.004325607	0.036718381
t0422	483.9987299	436.3064386	555.5371669	1.273272906	0.348541671	0.004365119	0.036932655
ybaN	184.514936	208.8420552	148.0242573	0.708785676	-0.496578646	0.004379231	0.036932655
speB	560.418113	489.9583065	666.1078229	1.3595194	0.443096738	0.004378352	0.036932655
t3020	2654.57684	2410.495029	3020.699557	1.253144902	0.325553244	0.004423312	0.037231695
t1464	115.529056	129.4388177	94.66441344	0.731344856	-0.451376245	0.004463905	0.037500277
gltS	520.660784	467.4472347	600.481108	1.284596557	0.361315334	0.004495619	0.037693361
t1546	179.9841517	200.1249969	149.772884	0.748396684	-0.418124929	0.004524197	0.037859462
lgt	383.1046632	346.6456297	437.7932134	1.262941678	0.336788018	0.00458077	0.038258733
yebG	2501.107926	2209.082579	2939.145947	1.330482606	0.41194965	0.004684297	0.038982398
t3736	1833.570519	1672.969008	2074.472785	1.23999475	0.310334012	0.004685471	0.038982398
aceE	7183.336575	6465.461517	8260.149161	1.277580748	0.353414478	0.00473405	0.039310827
fruK	104.0368307	90.06180224	124.9993733	1.387928847	0.472933609	0.004769667	0.039504673
malZ	129.6823097	111.9788128	156.237555	1.39524211	0.480515488	0.004780952	0.039504673
ftsE	901.4338772	820.2644742	1023.187982	1.247387902	0.318910172	0.00479399	0.039504673
yheL	231.7208736	256.2784925	194.8844453	0.760440111	-0.395093463	0.004786016	0.039504673
t2964	806.5800739	882.7631902	692.3053994	0.784248151	-0.350617873	0.004808345	0.039547491
t3973	87.14326432	73.30489121	107.900824	1.471945762	0.557724512	0.004873159	0.04000437
fumC	5940.032712	5369.462242	6795.888417	1.265655313	0.339884557	0.00490398	0.040029082
srfA	117.9669894	135.8452039	91.14966764	0.670981861	-0.57565433	0.004894302	0.040029082
t4635	435.4974296	490.5607487	352.9024509	0.719385829	-0.475162354	0.004903742	0.040029082
aceF	3123.088417	2838.188671	3550.438036	1.250952085	0.323026532	0.00493982	0.040169757
t1352	36.9619252	44.27112037	25.99813244	0.587248125	-0.767957892	0.004935521	0.040169757
t3541	435.2725067	386.5773415	508.3152544	1.314912179	0.394966447	0.00502331	0.040771907
yehU	227.9437627	254.0268355	188.8191534	0.743303963	-0.427975796	0.00505926	0.040986651
t1341	66.76038065	76.25767508	52.51443901	0.688644637	-0.538168397	0.005088792	0.041094231
t1422	510.4022718	563.4271034	430.8650243	0.764721863	-0.386992974	0.005091573	0.041094231
atpI	971.1065846	1056.019462	843.7372692	0.798978901	-0.323770688	0.005157726	0.041550489
uraA	36.44742442	27.78578201	49.43988804	1.779323253	0.831328632	0.005170793	0.041578186
proC	1080.271835	974.1103072	1239.514126	1.272457664	0.347617657	0.005232568	0.041940264
cybC	2022.064367	1846.473108	2285.451256	1.237738717	0.307706798	0.005235248	0.041940264
t4129	18.71155687	12.11104392	28.61232628	2.362498762	1.240313573	0.005275434	0.042105958
frdD	327.8886704	291.8094845	382.0074492	1.309098811	0.388573996	0.005267745	0.042105958
t4518	486.3755625	580.2041377	345.6326996	0.595708781	-0.74732087	0.00528583	0.042111094
t2815	29.06712059	20.63479405	41.71561041	2.02161506	1.015508317	0.005307348	0.042204655
t2619	3659.346066	3319.664158	4168.868929	1.255810447	0.328618719	0.005334101	0.042339426
frr	3584.868545	3902.182828	3108.897121	0.796707191	-0.327878498	0.005349694	0.042385282
trmH	334.4897252	365.4558809	288.0404917	0.78816762	-0.343425614	0.005387031	0.042602933
fcl	15.25969184	10.88198286	21.82625531	2.005724102	1.004123169	0.005427302	0.0426772
flgF	9.749867628	6.184445157	15.09800134	2.441286316	1.287641506	0.00544584	0.0426772
t2442	586.058551	533.7849188	664.4689994	1.244825352	0.315943347	0.005440473	0.0426772
t3995	6090.005592	5531.949597	6927.089584	1.2521968	0.32446132	0.00543202	0.0426772
yheO	965.9918647	1050.368818	839.4264348	0.799173034	-0.323420191	0.005425436	0.0426772
hflC	2444.449845	2217.546103	2784.805458	1.255804989	0.328612448	0.005481353	0.042877685
msrA	2535.147207	2311.4293	2870.724068	1.24196923	0.312629431	0.00560138	0.043737356
relE	697.5677125	777.993482	576.9290582	0.741560272	-0.431364139	0.005617687	0.043785509
t1424	2438.553242	2794.805226	1904.175265	0.681326644	-0.553581469	0.005635795	0.043847497
topB	482.4970944	438.9818942	547.7698948	1.247818878	0.319408541	0.005680691	0.044038105
yhjY	364.939829	400.3349598	311.8471328	0.778965527	-0.360368612	0.005677974	0.044038105
cadA	585.8100009	657.7353437	477.9219865	0.726617463	-0.460732057	0.005743923	0.044448494
dcuA	689.6658349	625.4255473	786.0262664	1.256786311	0.329739372	0.005767397	0.044550303
t1870	69.51849312	80.20217503	53.49297026	0.666976553	-0.584292049	0.005800703	0.044727564
atpA	2573.842129	2253.284861	3054.678032	1.355655508	0.438990615	0.005815943	0.044765134
t1911	137.61546	154.7655943	111.8902584	0.722965972	-0.468000349	0.005947369	0.045695263
t0260	514.0542764	561.7933873	442.44561	0.787559306	-0.344539528	0.005998888	0.046009231
purH	292.8247121	262.8651035	337.764125	1.2849333	0.361693472	0.006019556	0.046085891
mgtC	2120.752086	1890.533186	2466.080435	1.304436469	0.383426682	0.006114392	0.046729106
t3752	163.1580275	181.7589094	135.2567046	0.744154468	-0.426325974	0.006138062	0.04682712
deoA	302.2682618	273.1171596	345.9949151	1.266836971	0.341230876	0.006150513	0.046839357
rnhA	342.6398235	372.892056	297.2614747	0.797178352	-0.327025561	0.006162228	0.04684595
galS	268.4591175	296.2471368	226.7770884	0.76549968	-0.38552632	0.006198917	0.047042043
pgsA	1432.498339	1567.238811	1230.387632	0.785067103	-0.349112123	0.006272535	0.047517206
ratA	690.4810251	751.8514332	598.4254129	0.795935721	-0.329276169	0.006283701	0.047518425
t2945	52.67825284	60.33213054	41.19743628	0.682844049	-0.550371969	0.006469374	0.04883699
t1493	8967.479931	8078.495637	10300.95637	1.275108242	0.350619721	0.006514833	0.049045857
rpmD	1328.673031	1199.901781	1521.829906	1.268295397	0.342890801	0.00651976	0.049045857
t2950	148.612273	169.1253976	117.8425861	0.696776403	-0.521232329	0.006545307	0.049152411