"id"	"baseMean"	"baseMeanA"	"baseMeanB"	"foldChange"	"log2FoldChange"	"pval"	"padj"
"2534"	"cds546"	1254.60050681809	1856.27551310856	652.925500527625	0.351739542927128	-1.50742056152201	1.6590975095326e-22	7.02627795287056e-19
"141"	"asnA"	1371.02824972119	789.937395216271	1952.1191042261	2.47123267748534	1.30523085318015	8.45205953550486e-19	1.78972360664315e-15
"3663"	"cds367"	578.728151765637	873.860174468481	283.596129062793	0.32453261671444	-1.62356461325017	7.34117735568812e-18	1.03632953671131e-14
"663"	"cds2701"	117.616755426313	177.937578323866	57.2959325287609	0.322000181571967	-1.63486659302914	1.30051452237321e-14	1.37691975056263e-11
"688"	"cds813"	457.962864643819	645.837951705562	270.087777582075	0.41819743926292	-1.25774386694838	3.44692021676681e-14	2.91954142360149e-11
"4089"	"cds954"	2444.43965886293	3345.04768564059	1543.83163208526	0.461527540761982	-1.11551135441562	5.58113822362342e-14	3.9393533961742e-11
"689"	"cds812"	466.800181501933	649.015557902905	284.58480510096	0.438486876987215	-1.18939442847453	5.38207975200061e-13	3.25615824996037e-10
"4175"	"cds1713"	239.5438155731	350.98872836487	128.098902781331	0.364965859097804	-1.45416658216595	8.03356989069316e-13	4.25277106088569e-10
"3348"	"cds2945"	5663.35190353295	7658.96763316142	3667.73617390448	0.478881273505335	-1.06226007432539	1.12196472629957e-12	5.27946735097631e-10
"2484"	"cds1354"	508.338985984126	701.218557577186	315.459414391066	0.449873168618105	-1.15240977077088	3.67754990208548e-12	1.5574423835332e-09
"1769"	"yheA"	311.021850274493	465.580514145143	156.463186403842	0.336060427037255	-1.57320742751192	1.2397481969246e-11	4.37527801164639e-09
"3346"	"cds2946"	6730.71758342933	9423.94216219755	4037.49300466111	0.428429306459115	-1.22287092470321	1.18283528010032e-11	4.37527801164639e-09
"3779"	"cds336"	2270.10024493689	3028.04312516367	1512.1573647101	0.499384355573986	-1.00177746883421	1.53088085908553e-11	4.98713879863633e-09
"2189"	"yacC"	488.652125293351	666.925882686695	310.378367900006	0.465386598357309	-1.10349842853996	1.88375733773468e-11	5.69836594664742e-09
"3179"	"cds2327"	939.823932557162	1265.51545506853	614.132410045796	0.485282425896996	-1.04310347985085	6.50518358364805e-11	1.83663016511663e-08
"4176"	"cds1712"	312.652942795386	451.492726487622	173.813159103151	0.384974439024359	-1.37716543587726	1.40994381578853e-10	3.73194503741525e-08
"1132"	"cds2674"	1249.98807816614	1659.19558774376	840.780568588528	0.506739877323236	-0.980682730300135	1.56778069776869e-10	3.90561838532377e-08
"4096"	"cds951"	139.94746494175	198.067684566709	81.8272453167919	0.413127691656498	-1.27534032862569	6.72197984897418e-10	1.58153248113365e-07
"705"	"cds809"	395.888546281127	543.961905631915	247.815186930338	0.455574525283078	-1.13424101789249	1.94768631088018e-09	4.34129027714609e-07
"1293"	"cds1520"	849.388527619824	1118.92407660945	579.852978630196	0.51822370324469	-0.94835308984506	2.26343754540355e-09	4.79282900239203e-07
"576"	"tktB"	469.271977760082	618.095983709839	320.447971810325	0.518443704951749	-0.94774075193607	3.11890590225651e-09	6.28979356955062e-07
"516"	"ptsO"	441.353763762949	587.18746140936	295.520066116538	0.503280614009084	-0.990565067510734	3.32385659110806e-09	6.39842393788301e-07
"391"	"nlpC"	956.112316812594	1250.07810418369	662.146529441497	0.529684127116107	-0.916795818409866	3.4894721727471e-09	6.42518028329739e-07
"3246"	"cds2991"	19504.2761271531	24924.9677469486	14083.5845073575	0.565039226944705	-0.823577067086745	1.73513893372018e-08	3.06179724346039e-06
"1498"	"sifB"	21096.9398740281	30234.438469689	11959.4412783672	0.395556917333092	-1.33804279349872	7.22939169371581e-08	1.22465895291546e-05
"282"	"infA"	618.822301527692	810.056852161414	427.587750893971	0.52784906362198	-0.921802639345701	7.71023877859961e-08	1.25587927797574e-05
"690"	"cds811"	105.085073436155	145.059688383672	65.1104584886371	0.448852877144095	-1.15568545214036	9.05021215394984e-08	1.41954253599917e-05
"1692"	"cyoE"	2787.47465123653	1944.51664930693	3630.43265316612	1.86701032077051	0.900729902756017	1.30129491746662e-07	1.9003393018866e-05
"4158"	"cds1720"	1239.31972069974	1570.03401664008	908.605424759389	0.578717031051232	-0.789069993112687	1.27084017533584e-07	1.9003393018866e-05
"686"	"cds814"	117.639996477737	159.653265074614	75.6267278808592	0.47369358744724	-1.07797395309405	3.10592657188391e-07	4.38453301064278e-05
"3673"	"cds1155"	383.061395410438	489.88733589945	276.235454921425	0.563875476417955	-0.826551495010291	3.38786924189166e-07	4.62826652884232e-05
"2889"	"rfaH"	400.616165694352	516.814804543149	284.417526845555	0.550327746700239	-0.86163702586448	4.50244132364839e-07	5.95869968926591e-05
"969"	"scsA"	217.131649149158	286.756188063531	147.507110234785	0.514399048302682	-0.959040121370552	4.96159303510297e-07	6.36737772838215e-05
"2476"	"ygaC"	334.763474003597	428.662103021746	240.864844985449	0.56189908855374	-0.831617034752655	5.25804956333861e-07	6.54936467668795e-05
"473"	"ogt"	715.292978032875	899.692442750723	530.893513315026	0.590083330801213	-0.761009390506881	9.4631994659268e-07	0.000114504713537714
"1529"	"cds3061"	151.845114155645	201.937889754978	101.752338556312	0.50387937934666	-0.988849677918916	1.15040022215162e-06	0.000135331803911448
"679"	"pagD"	124.779854787409	166.14173993254	83.4179696422786	0.502089178048513	-0.993984465169375	1.20426047020824e-06	0.00013783900246843
"1646"	"cds99"	405.350827507433	519.031284189485	291.670370825381	0.561951427033635	-0.831482660181662	1.25762899938805e-06	0.0001401594424318
"3633"	"cds1175"	773.170762112704	970.08909570619	576.252428519217	0.594020107091015	-0.751416328996787	1.62045734148509e-06	0.000175965047209983
"2758"	"nusB"	1454.3120359876	1119.13774339436	1789.48632858084	1.59898666553172	0.677157907766668	2.14519910678997e-06	0.000227122955431389
"809"	"hha"	2162.46177045964	2664.27061966619	1660.6529212531	0.623304895904742	-0.681990050083774	2.36094582978777e-06	0.000238062037836934
"1707"	"mioC"	742.564337483116	923.019426051854	562.109248914377	0.608989619339603	-0.715510458307338	2.34354617202878e-06	0.000238062037836934
"1953"	"cds641"	144.68911311115	100.493019477247	188.885206745054	1.87958534560523	0.910414424764267	2.5733726678113e-06	0.000253447284841415
"3694"	"fliQ"	150.2090187979	196.375590489984	104.042447105816	0.529813541724896	-0.916443376265371	3.10915065134171e-06	0.00029925575019164
"470"	"yjeH"	367.296130282243	464.428429311286	270.163831253199	0.581712518447316	-0.781621743605235	3.38861343970631e-06	0.000318906175936805
"824"	"cds4257"	196.1702472168	253.515498572919	138.824995860682	0.547599640424948	-0.868806595620465	4.22723892020142e-06	0.000389181670153327
"1254"	"cds2622"	80.03111089694	108.723623823906	51.3385979699736	0.4721935874132	-1.08254964559102	4.7221243590088e-06	0.000425493545966005
"2177"	"cds4040"	780.445731822593	536.03235602953	1024.85910761566	1.91193515855449	0.935033596530936	5.37159002753074e-06	0.000473930911804014
"3069"	"cds2360"	217.33722906767	277.820889958152	156.853568177188	0.564585219638505	-0.824736734136145	6.02484394314379e-06	0.000520718655085999
"2303"	"acnA"	3750.17478945681	2970.9363085851	4529.41327032852	1.52457434285612	0.60840650223667	6.36109205104251e-06	0.0005387844967233
"3691"	"fliR"	180.726263663359	229.998099124508	131.454428202209	0.571545715823708	-0.807059196002506	6.54266292878628e-06	0.000543297598106076
"3354"	"cds2942"	538.331871491111	673.607075146327	403.056667835895	0.598355751753853	-0.740924602625684	8.26946964790503e-06	0.000673484691516881
"3367"	"ssaG"	30205.4623572328	37306.6471833813	23104.2775310843	0.619307262255836	-0.691272731087615	8.64474185194759e-06	0.000690763806471661
"3368"	"ssaE"	4307.28668751025	5587.07776570899	3027.4956093115	0.541874614291738	-0.883969033467944	9.91341636333985e-06	0.000777468857384153
"2662"	"cds506"	105.040848005573	136.698738012832	73.3829579983139	0.536822497888936	-0.897482959652079	1.4300586711091e-05	0.00110114517675401
"2033"	"radC"	331.160792843611	412.826540489448	249.495045197774	0.604358055327481	-0.726524559253767	2.01931166938394e-05	0.00152710444997161
"2950"	"yffH"	410.503222809377	507.173483370976	313.832962247777	0.618788190900394	-0.69248243056972	2.09763942978915e-05	0.00155850929564158
"2196"	"cds4039"	528.446562672471	363.077258556177	693.815866788765	1.9109317657289	0.934276264447214	2.15722747031505e-05	0.00157514798910073
"2747"	"staC"	563.949219132984	689.750896329966	438.147541936002	0.635225766675045	-0.65465866115277	2.336855604746e-05	0.00167738703154226
"2073"	"yajD"	500.886397956117	617.304141667291	384.468654244942	0.622818847783075	-0.683115490881888	2.68423110576921e-05	0.0018946197888221
"1728"	"cds3687"	471.01708195816	583.668762083179	358.365401833141	0.613987633249541	-0.703718497319979	2.98162601805505e-05	0.00203664293330051
"3636"	"yebL"	1185.18639730369	1496.79181586529	873.580978742099	0.583635592794236	-0.77686022674133	2.93890090906779e-05	0.00203664293330051
"3649"	"cds1166"	314.234384238786	387.601196198312	240.86757227926	0.621431447172374	-0.686332844847487	3.0787820288803e-05	0.00206962569719176
"1788"	"yhdJ"	124.368873022424	160.401090678102	88.3366553667457	0.55072353307137	-0.860599837006945	3.1326824565587e-05	0.00207295471930095
"76"	"ydhA"	151.868593381265	195.495526558234	108.241660204297	0.55367845039694	-0.852879722758036	3.32495832506356e-05	0.00216633823179141
"1484"	"ybfM"	793.524323585184	966.995437438977	620.053209731391	0.641216272305856	-0.641117057297145	3.39440949187583e-05	0.00217807942395366
"3965"	"dcuR"	296.505608979001	367.553754010689	225.457463947314	0.613399976159017	-0.705099984355578	3.70167996150135e-05	0.00233979322939675
"342"	"rplT"	9275.51461213715	7453.95089190903	11097.0783323653	1.48875119963705	0.574102670614818	4.30923698757447e-05	0.00268376744740851
"3881"	"cds3978"	241.302859454054	302.082732996772	180.522985911336	0.597594520284169	-0.742761175667676	4.65518012783665e-05	0.00285720113643308
"2955"	"cds3480"	1739.22694317513	2108.43558253083	1370.01830381942	0.649779540418747	-0.621977776583319	4.78962888578271e-05	0.00289772547589854
"1998"	"tviA"	46544.5395125497	63833.6682601774	29255.410764922	0.458306902333748	-1.12561408129453	5.17526578782319e-05	0.00308693670583538
"2990"	"yfeC"	119.813849871861	153.924857480155	85.7028422635679	0.556783638890928	-0.84481127672824	5.36896411010239e-05	0.00315799486198383
"4114"	"cds947"	80.1070296776562	103.694709315907	56.5193500394057	0.545055291752823	-0.875525507031792	5.49567054498376e-05	0.00318824174767208
"1044"	"yiiM"	909.685740199655	726.575744953198	1092.79573544611	1.50403552972513	0.588838648101189	5.71747991817871e-05	0.00327209830452525
"646"	"ecnR"	296.584915331851	366.993043139784	226.176787523917	0.616297207131986	-0.698301841613005	5.9186507031852e-05	0.00330944445965207
"2021"	"cds611"	75.590613840157	99.5092781336807	51.6719495466334	0.519267655396086	-0.94544973053029	5.93902665722685e-05	0.00330944445965207
"4057"	"cds1758"	904.120157986875	1098.60307142388	709.637244549866	0.645945076077491	-0.63051659535409	6.06577093100189e-05	0.00333617401205104
"1342"	"cds1509"	1100.05164136025	1327.43287818483	872.67040453566	0.657412076254261	-0.605130136807875	6.28825298999767e-05	0.00341419889905643
"1261"	"cds1533"	95.9736830817567	124.005554156661	67.941812006852	0.547893297755181	-0.868033139271401	7.27508515855263e-05	0.00389999818309752
"424"	"yjfO"	1164.55520370162	1412.46305322927	916.647354173961	0.648970854195626	-0.623774407805685	7.40676244869778e-05	0.00392095487127939
"4116"	"cds945"	281.027765187802	345.766774258858	216.288756116745	0.625533660891374	-0.676840574853699	7.50360048768718e-05	0.00392317877350064
"1844"	"cds1478"	276.166375828365	341.824834190478	210.507917466252	0.615835645659815	-0.699382719339145	7.78361365499097e-05	0.0040199516864496
"3366"	"ssaH"	44743.1675621909	54231.5270647494	35254.8080596324	0.65007957488529	-0.621311768645122	8.29963010181152e-05	0.00423481126279178
"2544"	"cds1338"	1018.395267267	1227.43672915221	809.353805381788	0.659385356621038	-0.600806246345526	8.6086933267832e-05	0.00434021621891986
"1145"	"yicN"	152.273119466044	192.151336587477	112.394902344611	0.584929068622131	-0.773666407886202	8.90451929924393e-05	0.00443654579203506
"563"	"cds875"	101.197757289193	128.801438235456	73.5940763429302	0.57137620007314	-0.807487150932915	9.15795301336432e-05	0.00450975941995324
"3160"	"cds1244"	153.901455339723	208.377871296733	99.4250393827141	0.477138185374451	-1.06752094504413	9.40210316648381e-05	0.00457677090920218
"640"	"cds1622"	654.979650304183	887.626104692692	422.333195915675	0.475800783328576	-1.0715704479597	9.62766608205074e-05	0.00463331430198692
"593"	"cds865"	320.336616436461	253.652374577432	387.020858295489	1.52579237210075	0.609558655409378	0.000101129416639274	0.00468352959103765
"1411"	"uxaC"	2731.11954048486	2235.45278800302	3226.7862929667	1.44345982625259	0.529530955670401	0.000100152999089114	0.00468352959103765
"2738"	"rci"	344.579430929422	421.8281764401	267.330685418744	0.633743074430935	-0.658030018512984	9.98650579288626e-05	0.00468352959103765
"3475"	"pipB"	3324.95978370551	4166.0790662606	2483.84050115041	0.596205799660893	-0.746117685507101	0.000101743736098103	0.00468352959103765
"1194"	"cds2643"	344.427535617213	420.725812771468	268.129258462958	0.637301658998998	-0.649951678564557	0.000104183822131598	0.00472231406424205
"3194"	"cds1235"	7182.40778658095	8660.86942490596	5703.94614825595	0.658588170357721	-0.602551496588366	0.000104816416065821	0.00472231406424205
"3476"	"pipA"	179.85971221399	229.595067743194	130.124356684785	0.566755888808252	-0.81920061869576	0.000112094186799265	0.00499704085363038
"1248"	"hemA"	2885.2719453927	3454.06273997219	2316.48115081321	0.670654045743204	-0.576359345152792	0.000122197322172693	0.00539068395209746
"195"	"grxB"	14333.5830369678	11849.5689439011	16817.5971300346	1.41925813585738	0.505137011845274	0.000137646917606787	0.00583826136875827
"900"	"pmrD"	3513.16405020323	4194.69151878346	2831.636581623	0.675052401098669	-0.566928598841043	0.00013539055944622	0.00583826136875827
"1527"	"cds3062"	338.909704043796	414.319533478295	263.499874609296	0.635982263247794	-0.652941563782235	0.0001378574113048	0.00583826136875827
"2631"	"cds1319"	120.921708846067	153.615825563268	88.2275921288658	0.574339211506101	-0.800025033573901	0.000137099661618634	0.00583826136875827
"2587"	"cds539"	394.180317101621	475.103737906593	313.256896296648	0.659344204861286	-0.600896286701748	0.000139352247201204	0.00584313630591186
"1312"	"eutE"	27.9680725888128	17.9309150830813	38.0052300945443	2.11953656121009	1.08374885255557	0.000162722912171464	0.00669059740821503
"1389"	"yodD"	66.5259053784859	87.6144732538715	45.4373375031003	0.518605383512849	-0.947290912361837	0.000161425910462966	0.00669059740821503
"1926"	"cds1445"	129.473251295759	162.164146369392	96.7823562221264	0.596817227413924	-0.744638914612708	0.00016624281864981	0.00676959939405716
"1083"	"cds100"	3847.32285118393	4604.4178277124	3090.22787465547	0.671144103399229	-0.575305529745483	0.000169722028756075	0.00684545515982837
"3374"	"cds2936"	267.304634280219	327.79635074201	206.812917818428	0.630918914595234	-0.664473492259931	0.000178289125803139	0.0071231551677009
"1917"	"tcfD"	1192.93945477634	1426.3398340422	959.539075510482	0.672728232507663	-0.571904289603327	0.000190326818753867	0.00746327849465394
"3463"	"ddlA"	1180.33728074073	1464.96999335672	895.704568124739	0.61141495879543	-0.709776245449553	0.000189521408509669	0.00746327849465394
"1079"	"lipB"	416.037444262119	501.326862601795	330.748025922443	0.659745269196071	-0.600018994363234	0.000199704650219169	0.00775916691447872
"2378"	"cds2482"	794.882941394006	950.31436013416	639.451522653851	0.672884204931489	-0.571569838706297	0.000213577198619167	0.00822272214683791
"1608"	"csgD"	158.980291000966	194.789832441225	123.170749560707	0.63232637975533	-0.661258686939076	0.000217782714428534	0.00830909725770127
"946"	"cds4217"	477.850985211079	582.919358820413	372.782611601745	0.639509746864646	-0.644961747279855	0.000226961835510376	0.00858199440523608
"850"	"wzxC"	169.834894608703	209.045071643246	130.624717574161	0.624863894409737	-0.67838611350247	0.000243524412435698	0.00907749930528336
"862"	"cds4240"	32.4752626782118	45.587830415116	19.3626949413077	0.424733854736973	-1.23536898710966	0.000244352991924983	0.00907749930528336
"489"	"cheB"	309.654420792871	244.574240436693	374.73460114905	1.53219161789055	0.615596733877337	0.000257475740404034	0.00948182400531377
"1370"	"zur"	1166.60100011614	1381.47527054333	951.72672968895	0.688920569178658	-0.53759044150499	0.000260006489925667	0.00949247831754483
"3020"	"cds2379"	19426.07374689	16290.5898578603	22561.5576359198	1.38494418144311	0.469827831308395	0.000265438833350938	0.00957605273108722
"3747"	"cds345"	730.071612388537	868.935048701043	591.208176076032	0.680382471578077	-0.555582120983543	0.000266817998174331	0.00957605273108722
"2556"	"pduX"	739.838170730074	871.593907363317	608.082434096831	0.69766714631629	-0.519389197267196	0.000271559260816907	0.00966431487024874
"2175"	"cds4042"	506.217679263972	363.879925398568	648.555433129375	1.78233364321759	0.833767426848615	0.000290716059430389	0.0100916599318664
"3259"	"narL"	1555.89206994613	1288.42378251905	1823.36035737321	1.41518682137976	0.500992518418993	0.000288366610090402	0.0100916599318664
"3773"	"exbD"	336.419319990776	264.932431741164	407.906208240388	1.53966128480226	0.622613002554344	0.000286241118067859	0.0100916599318664
"1195"	"spaQ"	63.5143556327951	40.9009050189777	86.1278062466125	2.10576773806472	1.07434631878479	0.000304916817966274	0.010498558732416
"408"	"cds3897"	490.731724297673	384.376030749487	597.087417845858	1.55339399462971	0.635423793670839	0.000317620962565046	0.0107609982117038
"2176"	"cds4041"	415.761145174925	313.948627547933	517.573662801916	1.64859348755361	0.721235700903188	0.000315653267355572	0.0107609982117038
"2607"	"cds531"	2459.40940589462	2913.06726713447	2005.75154465477	0.688535952219115	-0.538396107580072	0.000325910287066378	0.0109542068708422
"1854"	"cds1473"	513.686587547257	618.663049058936	408.710126035577	0.66063445466361	-0.598075881128167	0.000333126880147439	0.0110364865969972
"3486"	"yejL"	491.970425157994	589.110592152188	394.8302581638	0.670214155751933	-0.577305936519495	0.00033357031509224	0.0110364865969972
"3207"	"cds1221"	55.902688189911	74.0689819886656	37.7363943911565	0.509476347291111	-0.972912924821905	0.000343914866659326	0.0112905384519554
"2070"	"yajI"	189.841083952372	230.830830897521	148.851337007224	0.644850327958605	-0.632963750117561	0.000348859738741714	0.0113647768736243
"201"	"cds286"	343.228931545151	406.919293554639	279.538569535663	0.6869631741807	-0.54169533187146	0.00035738700141414	0.0113799545187134
"280"	"infB"	2212.11283265812	1789.52986410114	2634.69580121511	1.47228378473499	0.558055779662369	0.000352772880908988	0.0113799545187134
"4091"	"cds953"	407.741235162383	507.880814487386	307.601655837381	0.605657168105177	-0.723426706853606	0.000355542872118835	0.0113799545187134
"1509"	"cds3070"	61.745749088236	80.6147672925428	42.8767308839291	0.531871917812946	-0.910849228453249	0.000369059394411237	0.0115218542980619
"2088"	"yaiA"	272.378567971876	328.094900715798	216.662235227954	0.6603645309795	-0.598665461544406	0.000369955778572032	0.0115218542980619
"3336"	"cds1863"	48.397803391182	63.0147751237569	33.780831658607	0.536077953023932	-0.899485291473218	0.00037000523837932	0.0115218542980619
"17"	"phoE"	307.432929223053	363.736687166342	251.129171279765	0.690414742697978	-0.534464823606045	0.00039331692369285	0.0121583735170746
"1693"	"cyoD"	2093.58854371936	1676.58462293637	2510.59246450234	1.49744452511159	0.582502557385437	0.000405506706600845	0.0123101758324579
"2329"	"gidB"	369.178211482598	440.822559622471	297.533863342725	0.674951535142708	-0.567144181641692	0.000406947961403566	0.0123101758324579
"3416"	"ivbL"	117.80710227476	148.451780462653	87.1624240868677	0.587143002362276	-0.768216171325545	0.000403992576094119	0.0123101758324579
"947"	"ribH"	370.033349249929	301.862405366512	438.204293133345	1.4516689900529	0.537712527128324	0.000433396537899874	0.0129540441037729
"2091"	"prfB"	541.714950952329	648.68982870739	434.740073197268	0.670181732405997	-0.577375732317607	0.000434350475262281	0.0129540441037729
"74"	"glpE"	372.780554811534	450.382926587885	295.178183035182	0.655393811820225	-0.609566043761985	0.000441096789706494	0.0129725340583819
"3521"	"yehS"	765.958506681135	960.293718853449	571.623294508822	0.595258808098127	-0.748411031545519	0.000438716175432061	0.0129725340583819
"30"	"phnO"	458.123916740375	557.382807189708	358.865026291042	0.643839425368032	-0.635227172247867	0.000444600718763677	0.0129854071997529
"288"	"cds1047"	56.2814911944795	73.820838893589	38.7421434953701	0.524813102587685	-0.930124355872096	0.00048809587028352	0.0141581233606213
"139"	"asnB"	912.361477537119	753.628562264877	1071.09439280936	1.42124973287956	0.507160077966513	0.000497264857663418	0.0143259637564937
"2197"	"cds4038"	445.535293933266	325.188057239363	565.88253062717	1.74017008936659	0.79922832624232	0.000512650795982047	0.0146694332498917
"128"	"rpsP"	1720.85637056112	2011.24677034069	1430.46597078155	0.711233445779128	-0.491604926336748	0.000529846300365163	0.0150597253828622
"537"	"cds2760"	526.967876976929	630.488294879337	423.447459074522	0.671618271922973	-0.574286614383007	0.000543628837757544	0.0153484541860213
"3477"	"exoX"	1177.80022661798	1388.23745489336	967.362998342599	0.696828193860326	-0.521125097931639	0.00056142757134711	0.0157459984414239
"1519"	"ybdO"	237.255065384409	286.074934351539	188.43519641728	0.658691740485462	-0.602324634994631	0.000598695207168123	0.016680751331296
"496"	"cds2773"	3260.65751004795	2744.04924416446	3777.26577593145	1.37652987968938	0.461035926178907	0.000660136037628302	0.0181537410347783
"1855"	"cds1472"	3514.36248485181	4122.13272588488	2906.59224381875	0.70511854835892	-0.50406226326027	0.000656530239565591	0.0181537410347783
"1723"	"adiY"	174.310569150069	211.953674836559	136.667463463579	0.644798744673645	-0.633079159729407	0.000665976071896025	0.0181961849321269
"3261"	"narK"	106.126533239235	132.321984432555	79.9310820459141	0.604065019041904	-0.727224251295827	0.000677212456246897	0.0183845817449078
"1508"	"ybeF"	187.379925531311	228.294844344678	146.465006717945	0.641560728795143	-0.640342260617108	0.000689697222441975	0.0186042531021768
"1762"	"cds3671"	6864.00120284195	5562.09823245844	8165.90417322545	1.46813375671291	0.553983413246321	0.000702458784042656	0.0188285629773459
"3465"	"ccmE"	5.6584159055296	1.50836831090046	9.80846350015875	6.50269793476591	2.70103840884095	0.000725433177515698	0.0193220723696791
"1779"	"ssb"	515.817448571289	610.183147811267	421.45174933131	0.690697130596054	-0.53387486469871	0.000746068530096985	0.0197475014060046
"3365"	"ssaI"	44368.5405898755	52903.4983908973	35833.5827888537	0.677338623697129	-0.562050830375144	0.000759104797975027	0.0199677566423866
"920"	"cds3137"	217.05550788827	257.841625533241	176.269390243299	0.683634342898504	-0.548703221154699	0.000770218972941716	0.0200115174871667
"1397"	"katG"	737.612351883014	583.606873301098	891.61783046493	1.5277712982056	0.61142859334793	0.000770172771975544	0.0200115174871667
"3467"	"ccmC"	8.39169948503826	3.41984860169641	13.3635503683801	3.90764385351772	1.96629898466103	0.000797237623477057	0.0205378509971192
"4048"	"cds2847"	142.177241169317	180.383181471785	103.971300866849	0.576391324393577	-0.794879474066856	0.000800176012874776	0.0205378509971192
"457"	"yjeS"	214.20696806334	256.987565758827	171.426370367852	0.667060952391482	-0.584109501850431	0.000825022553118133	0.0209100133759064
"713"	"hns"	24192.979719053	20223.764374456	28162.19506365	1.39252982492324	0.477708227247934	0.000829488133920254	0.0209100133759064
"1212"	"sitA"	980.994098004454	819.662543217484	1142.32565279142	1.39365359835447	0.478872014549732	0.000829181341840017	0.0209100133759064
"2882"	"gntR"	959.305474392737	1139.88753404519	778.723414740282	0.683158111201353	-0.549708578088793	0.000849678484207567	0.0212922389385742
"352"	"rcsF"	722.976713481918	847.89862641593	598.054800547906	0.705337621639847	-0.503614101955794	0.000957303773570038	0.0238481263592301
"2617"	"cds1321"	328.704987605469	395.6367459254	261.773229285538	0.661650445721988	-0.595858861861692	0.000988014828874933	0.024265299108594
"2751"	"rluB"	701.845370585963	830.576747369282	573.113993802643	0.690019309615745	-0.535291359812376	0.000991238901012223	0.024265299108594
"3034"	"cds492"	133.156133328514	97.6904021036554	168.621864553373	1.72608425108595	0.787502884944106	0.000989945377431053	0.024265299108594
"925"	"cds3134"	184.369654399307	222.394046791621	146.345262006993	0.658044871786139	-0.603742130841559	0.0010400483253936	0.0253138198738041
"344"	"rplS"	1705.06569745379	1436.23237342744	1973.89902148014	1.37435909258166	0.458759000809123	0.00105682362840452	0.0255751318073894
"3106"	"cds1260"	3048.23116998348	2589.07302574076	3507.3893142262	1.35468921863364	0.437961918618328	0.00108425486806605	0.0260898827628394
"1474"	"pfkB"	1595.49454884482	1348.35724984609	1842.63184784355	1.36657539984591	0.450565061751221	0.00111357388115887	0.0266439852356374
"1588"	"ybaJ"	2384.0366001972	2780.31659617744	1987.75660421696	0.714938941467979	-0.484108059433826	0.00117400839357073	0.0277761203730282
"1879"	"cds2553"	272.925153289274	328.453069145424	217.397237433123	0.661882192176655	-0.595353639013786	0.00117213473158264	0.0277761203730282
"127"	"ydeV"	2132.3530889792	2503.42725394939	1761.278924009	0.703547075805945	-0.507281134453941	0.00120330269343041	0.0283110383704323
"1064"	"yihI"	780.647290445898	911.701073998432	649.593506893365	0.712507120392492	-0.489023663173697	0.00121377834718742	0.0283464624890366
"3161"	"cds1243"	475.641401785604	557.691612013851	393.591191557358	0.705750603162348	-0.502769638227688	0.00121819508217347	0.0283464624890366
"2126"	"cds4069"	1340.16424151085	1556.80805566005	1123.52042736165	0.721682048905702	-0.470564725223934	0.00126436319132844	0.0292599897009614
"3145"	"dut"	311.003993394225	366.9803121289	255.02767465955	0.694935576189636	-0.525048855496921	0.0012877427794433	0.0296390797333824
"3418"	"lexA"	2952.96106076654	2258.58575863364	3647.33636289944	1.61487618920698	0.691423559306647	0.00129635856900766	0.029676100214851
"2069"	"fumA"	12386.1155017933	10492.9477628336	14279.2832407529	1.36084573787079	0.444503535745379	0.00131269652128202	0.0298885471377922
"183"	"cds1088"	511.056169511718	601.109892744503	421.002446278932	0.700375174923092	-0.513800147109718	0.00134923251122066	0.0305561480482326
"1430"	"ybhT"	195.032708348067	235.462995255317	154.602421440817	0.656589037581804	-0.606937432028547	0.00136655968030907	0.0306210595032216
"3658"	"cds3336"	555.029923593718	653.367674317564	456.692172869873	0.698981891546568	-0.516673014557566	0.00135978190990658	0.0306210595032216
"549"	"cds3847"	20.5768621570895	12.1535174700461	29.0002068441328	2.38615749848613	1.25468927135913	0.00141130527038534	0.0314572516846416
"3032"	"cds493"	394.975094675996	328.745659088364	461.204530263628	1.40292203870488	0.488434839678463	0.00143461998889523	0.0318095060364989
"2050"	"pepN"	2163.66254574179	1847.90229206976	2479.42279941383	1.34174994535925	0.424115829359387	0.00144807534283893	0.0319406201923066
"2044"	"dsrB"	280.780993681986	339.720562652873	221.8414247111	0.653011472072057	-0.614819757700521	0.00146372908474818	0.0319530550201472
"2344"	"sanA"	748.436395015096	881.13476498631	615.738025043881	0.69880119308815	-0.517046023465992	0.00145704061782719	0.0319530550201472
"907"	"hybA"	172.381633178028	136.395491022671	208.367775333385	1.52767348664592	0.611336225616172	0.00148278754941978	0.0320712946508572
"1636"	"envE"	579.129493169781	675.310637617484	482.948348722078	0.715149920377286	-0.483682382069966	0.00149186423759595	0.0320712946508572
"2820"	"cds1913"	25778.0402113444	21908.1030781334	29647.9773445554	1.35328819838114	0.436469110636903	0.00148459920903251	0.0320712946508572
"4213"	"metL"	455.854740431082	347.605379770569	564.104101091595	1.62282902946992	0.69851101508701	0.00158849202511969	0.0339760794261711
"2179"	"acrR"	1530.23595549654	1783.62732034014	1276.84459065293	0.715869608012866	-0.482231262990486	0.00159887429483421	0.0340262946664466
"2418"	"cedA"	289.958360372524	362.550382123038	217.36633862201	0.599547950685219	-0.738052952675171	0.00161214367950429	0.0341371424135034
"704"	"hpt"	338.492903708727	401.637919475575	275.347887941878	0.685562479512404	-0.544639941245921	0.00162375975369512	0.0342120525218848
"2755"	"cdtB"	512.69941925598	595.23311989066	430.1657186213	0.722684447902223	-0.468562246910228	0.00165230578580519	0.0345036616302338
"4117"	"cds944"	58.691288087412	74.2782221629006	43.1043540119235	0.58030944679035	-0.785105680339264	0.00165389452442443	0.0345036616302338
"1336"	"zwf"	1664.77258174826	1413.3609686436	1916.18419485291	1.35576419426091	0.439106274821221	0.00166404955330151	0.0345453424423132
"2830"	"deoB"	2808.48960287093	2408.74156363256	3208.23764210931	1.33191442807631	0.413501396106131	0.00168510866229944	0.0348118789504299
"3305"	"relB"	572.88127454655	685.010538805539	460.752010287561	0.672620323609882	-0.572135723503965	0.00169647533243904	0.0348765681207734
"983"	"cds2028"	233.565778935916	191.807301723891	275.324256147941	1.43542114233104	0.521474075447278	0.00171825349627234	0.0351536403705959
"101"	"menB"	794.709007385871	668.141017858086	921.276996913655	1.37886609606318	0.46348236118442	0.0017319076832384	0.0352626396082433
"1983"	"cds1427"	264.292787390129	314.935757858257	213.649816922002	0.678391740509057	-0.559809489843507	0.00174708210539239	0.0354014005566352
"283"	"cds3221"	48.178507156971	61.7645494536063	34.5924648603356	0.560069897155477	-0.836321207026328	0.00176074592353008	0.0355083761245232
"4053"	"cds963"	868.170079191534	1012.93248696475	723.407671418315	0.714171655789224	-0.485657217843501	0.00182308974254518	0.0365913983871035
"2557"	"cds1332"	2339.28492464723	2793.044907818	1885.52494147646	0.675078634145372	-0.566872535710277	0.0018400079525157	0.0367567626363395
"2572"	"pduL"	16.5098430698515	8.98577823117134	24.0339079085317	2.67466070163616	1.41935588773285	0.00187017243437596	0.0371839448806675
"1133"	"cds2673"	77.4282725853645	56.8158510522366	98.0406941184923	1.72558700261928	0.787087215055991	0.00193685721417363	0.037974955101969
"1197"	"spaP"	136.45239171232	96.5068289235823	176.397954501057	1.8278287295165	0.870130893889828	0.0019337726037864	0.037974955101969
"3723"	"srlM"	144.514474619851	175.029545080039	113.999404159664	0.65131520571303	-0.618572186421802	0.0019254633287833	0.037974955101969
"761"	"cds4282"	255.284389290059	302.43659965341	208.132178926708	0.688184496073645	-0.539132704541065	0.00202568719999064	0.0395335727740109
"3592"	"cds3364"	110.078032538767	86.7297785993494	133.426286478185	1.5384137793612	0.621443589869904	0.00203932816595106	0.0396172237743245
"2552"	"safC"	680.084814490254	544.160590217949	816.009038762559	1.49957393723741	0.584552656755514	0.0020619349050466	0.0398734900587778
"3818"	"cds2205"	1056.13463575824	895.943643341354	1216.32562817512	1.35759167132313	0.441049619243602	0.00210811375422436	0.0403975644757473
"3882"	"cds3977"	121.026729786207	148.864804436161	93.1886551362522	0.625995214175792	-0.675776467300147	0.00210121037818796	0.0403975644757473
"866"	"cadA"	564.475633225544	658.916249166863	470.035017284225	0.713345615438289	-0.487326864123657	0.00213036957309823	0.0406401582976171
"4044"	"cds3932"	187.521245570724	224.272891485727	150.769599655721	0.672259579198032	-0.572909687313521	0.00214146553306895	0.0406686391594036
"1811"	"cds1480"	611.600035936714	717.661249934877	505.538821938552	0.704425412385616	-0.505481139066631	0.00217076187978277	0.0410409667896429
"1150"	"cds2663"	1378.33757748362	1598.63967944267	1158.03547552456	0.724388047172883	-0.465165353716172	0.0022110394108978	0.0414325305537708
"1816"	"sodA"	21436.4243262852	18335.4776636581	24537.3709889124	1.33824552809697	0.420342831727743	0.00220216747705696	0.0414325305537708
"3023"	"bcfE"	69.6097869770492	90.4636920375707	48.7558819165277	0.538955251752037	-0.89176260067657	0.00233829518142426	0.043624141380316
"2902"	"yfjA"	3109.75794758818	3557.5908769765	2661.92501819986	0.748238094331453	-0.418430676574104	0.00249686737829027	0.0463280563959963
"3049"	"garL"	256.753064226637	206.725512746519	306.780615706755	1.48399978130866	0.569490879354317	0.00250510623723333	0.0463280563959963
"1418"	"ybiI"	199.924497299322	236.183305733813	163.665688864831	0.692960445939766	-0.529155088953632	0.00257269408359212	0.0463632316766495
"1898"	"cds661"	190.065544850166	224.213667875254	155.917421825078	0.695396597819478	-0.524092086091845	0.00256558010658595	0.0463632316766495
"2375"	"cds2483"	634.896749225923	741.502063217417	528.291435234429	0.712461180407435	-0.489116686139339	0.00256023343910514	0.0463632316766495
"3183"	"hofC"	148.358841666807	176.283240315529	120.434443018085	0.683187141344347	-0.549647273461341	0.00252615117469736	0.0463632316766495
"3334"	"cds1866"	1654.26353611634	1912.59180688809	1395.9352653446	0.729865756152056	-0.454296960680585	0.00257220513941736	0.0463632316766495
"3361"	"nanA"	178.406343119791	150.552421237756	206.260265001826	1.3700229016981	0.454200009893923	0.00253813482064919	0.0463632316766495
"2188"	"modB"	160.830471445499	128.814001493718	192.846941397279	1.49709611657925	0.582166848290644	0.00260199268864156	0.0466925382898179
"3443"	"dcp"	958.470892279614	818.273388439595	1098.66839611963	1.34266665840708	0.425101173748622	0.0026445355979165	0.0470571775511613
"3864"	"cds3986"	119.656533509905	143.00233290098	96.3107341188308	0.673490649872964	-0.570270178116701	0.00264404829639694	0.0470571775511613
"1903"	"cds1453"	721.779809308103	838.780865161179	604.778753455028	0.721021161276509	-0.471886493090236	0.00271203959981463	0.0478561987717291
"2279"	"fba"	3295.73598704016	2646.94418645812	3944.5277876222	1.49021947942937	0.575524826369101	0.00270493461337259	0.0478561987717291
"980"	"cds4200"	37.3589371831844	25.73412049247	48.9837538738988	1.90345552661229	0.928620862369079	0.00272571069684982	0.0478978622454731
"677"	"pagP"	519.616853488763	605.403041251392	433.830665726135	0.716598094435386	-0.480763887722015	0.00275345009911377	0.0481853767344909
"216"	"dinF"	2484.12263559236	1807.52881740624	3160.71645377847	1.74863959198947	0.806232969402761	0.00279037244025731	0.0484312593626627
"3139"	"cds1255"	54.665270424309	67.91622891845	41.4143119301681	0.60978521024623	-0.713626935295971	0.00278621858560821	0.0484312593626627
"3915"	"cds1793"	126.188532116669	155.116436442799	97.2606277905394	0.627016904339503	-0.673423756360812	0.0028155991833605	0.0486696430266602
"566"	"cds874"	77.4419175626844	96.0860332137263	58.7978019116424	0.611928705401514	-0.708564517713292	0.0028329651419005	0.048770761690848
