"id"	"baseMean"	"baseMeanA"	"baseMeanB"	"foldChange"	"log2FoldChange"	"pval"	"padj"
"3663"	"cds367"	781.187922096222	1178.68543529787	383.690408894575	0.325524009548494	-1.61916413927185	1.83554938281737e-26	7.77355163623155e-23
"2534"	"cds546"	1693.40057515817	2503.59926171892	883.201888597413	0.352772866689146	-1.50318849373791	3.91007990678617e-26	8.27959420261972e-23
"141"	"asnA"	1854.56055132509	1065.31358029625	2643.80752235392	2.48171765689752	1.31133899050292	1.18208899374431e-21	1.66871562950238e-18
"663"	"cds2701"	158.78702436939	239.981938353756	77.5921103850253	0.323324792346028	-1.62894395821425	6.95304314804728e-17	7.36153443299506e-14
"688"	"cds813"	618.311400338949	871.063872927093	365.558927750804	0.419669485915416	-1.25267452591873	2.92465566749545e-16	2.47718335036864e-13
"4089"	"cds954"	3300.88381889162	4511.41230771616	2090.35533006709	0.463348323648411	-1.10983094272909	4.04710235749697e-16	2.85657974733328e-13
"3346"	"cds2946"	9087.35712043339	12708.5096455399	5466.20459532694	0.43012160731572	-1.21718348747312	3.17516701077716e-15	1.92097604152018e-12
"689"	"cds812"	630.351206144611	875.358531176838	385.343881112384	0.440212629897289	-1.18372755749797	6.59739082777293e-15	3.4924937694523e-12
"3348"	"cds2945"	7646.767958198	10329.1778369618	4964.35807943422	0.480615026461238	-1.05704633975663	1.32910507032274e-14	6.25417774757424e-12
"4176"	"cds1712"	422.006814123394	608.978542278611	235.035085968177	0.385949700442232	-1.37351525685268	2.78200614989652e-14	1.17817960448118e-11
"2484"	"cds1354"	686.324846455727	945.752955731098	426.896737180357	0.451382926792285	-1.14757624414213	3.54048769196509e-14	1.36308776140656e-11
"4175"	"cds1713"	323.329774657734	473.43659462957	173.222954685898	0.365884168336063	-1.45054110270637	7.72888074697963e-14	2.72765083028823e-11
"3779"	"cds336"	3065.65770626505	4083.79515065154	2047.52026187856	0.501376828745166	-0.996032771684983	2.98450569270224e-13	9.72260123737998e-11
"1769"	"yheA"	419.883905919552	627.999930556462	211.767881282643	0.337210039330735	-1.56828060642154	3.23143533129058e-13	9.77509187715399e-11
"2189"	"yacC"	659.865603997017	899.479180762054	420.252027231979	0.467217069855841	-1.09783511059559	4.30569704178055e-13	1.21564179812938e-10
"3179"	"cds2327"	1268.85165023334	1706.82681634181	830.876484124877	0.486796010098827	-1.03861075147464	1.29838281731408e-12	3.4366570195782e-10
"1132"	"cds2674"	1688.24992871931	2237.55949456512	1138.9403628735	0.509010091414285	-0.974233836053925	4.89629606549133e-12	1.21975375513857e-09
"1692"	"cyoE"	3768.66851044485	2622.45650003488	4914.88052085482	1.87415139995246	0.90623750323076	9.50130001904623e-12	2.23544475448115e-09
"4096"	"cds951"	188.954314391407	267.161841904875	110.74678687794	0.414530705763631	-1.27044912365564	2.31137725152724e-11	5.15193824221994e-09
"705"	"cds809"	534.486238377709	733.733582504011	335.238894251406	0.456894576240244	-1.13006677835927	4.39783051922919e-11	9.3124061244678e-09
"1498"	"sifB"	28480.8757991096	40783.1160915493	16178.6355066699	0.396699346620606	-1.33388207357757	5.35933182546122e-11	1.08079858480135e-08
"1293"	"cds1520"	1146.79906574746	1509.13084720757	784.467284287339	0.519813961618293	-0.943932711390885	7.46071739426925e-11	1.43618809839683e-08
"516"	"ptsO"	595.932974776451	791.943438858157	399.922510694746	0.504988729083183	-0.985676906383836	1.78896977301416e-10	3.29403782118042e-08
"391"	"nlpC"	1291.00982487009	1685.96059234225	896.059057397935	0.531482800646646	-0.911905089534145	2.14070152035749e-10	3.77744622446415e-08
"576"	"tktB"	633.890785941921	833.669937194061	434.111634689782	0.520723628527256	-0.94141022246749	2.43068261031861e-10	3.95920802103819e-08
"3368"	"ssaE"	5815.98787777703	7535.52267112903	4096.45308442504	0.543618971530648	-0.879332289893927	2.42525325204509e-10	3.95920802103819e-08
"3246"	"cds2991"	26342.1283959211	33617.3847065459	19066.8720852963	0.567172974689601	-0.818139303865255	1.08536551827908e-09	1.70241591478219e-07
"4158"	"cds1720"	1673.87909089587	2117.75389645412	1230.00428533763	0.58080605465871	-0.783871601986609	1.12606956434684e-08	1.70318021607459e-06
"690"	"cds811"	141.897530347367	195.664227496243	88.1308331984916	0.45041873175404	-1.15066126825359	1.19487533873228e-08	1.744930020528e-06
"282"	"infA"	835.86385341833	1092.71976182594	579.007945010717	0.529877801462281	-0.916268406062654	3.72992685935546e-08	5.26541341645679e-06
"969"	"scsA"	293.194481635055	386.750303658833	199.638659611277	0.516195223953556	-0.954011301790227	4.87761750807941e-08	6.66345488603752e-06
"3673"	"cds1155"	517.473630068674	660.709441710845	374.237818426504	0.56641814813097	-0.820060604538652	5.08639111223157e-08	6.73152073759397e-06
"2889"	"rfaH"	541.003185886173	696.986014551694	385.020357220651	0.55240757946671	-0.856194980244299	5.36874663564506e-08	6.88989151574449e-06
"686"	"cds814"	158.828909892347	215.328092705647	102.329727079047	0.475227016564583	-1.07331123948139	5.88908159012366e-08	7.33537074534521e-06
"2476"	"ygaC"	452.242189027078	578.193961555594	326.290416498562	0.564326918290012	-0.825396927376185	7.44435414048026e-08	9.00766850998111e-06
"473"	"ogt"	966.128238304458	1213.44415843264	718.812318176271	0.592373627728145	-0.755420681122068	1.19588752655373e-07	1.40682879859863e-05
"1646"	"cds99"	547.41207099299	699.97775296318	394.846389022799	0.564084197463871	-0.826017573757109	1.32976048424879e-07	1.52203666237665e-05
"1529"	"cds3061"	205.036770710884	272.361040014496	137.712501407271	0.50562481843931	-0.983860815390244	1.85357417818074e-07	2.06575964331458e-05
"3633"	"cds1175"	1044.20616040781	1308.41210727342	780.000213542191	0.596142613788265	-0.746270590386501	2.08288299445704e-07	2.26179730295527e-05
"679"	"pagD"	168.475611172945	224.10223061246	112.84899173343	0.503560323451575	-0.989763480247167	2.50441332370126e-07	2.65154760646871e-05
"3475"	"pipB"	4489.68462651774	5619.03723301797	3360.33202001752	0.598026295371725	-0.741719173393177	2.63784534357439e-07	2.72470122683843e-05
"809"	"hha"	2921.11541340002	3593.30592056189	2248.92490623814	0.625865138108382	-0.676076277255345	3.83348551830077e-07	3.77553748139622e-05
"1707"	"mioC"	1003.2183913924	1244.96933736133	761.467445423464	0.611635501832815	-0.709255945821648	3.75249613386076e-07	3.77553748139622e-05
"470"	"yjeH"	496.168433906676	626.40817814963	365.928689663721	0.584169719406683	-0.775540517264643	5.92080842221912e-07	5.69877810638591e-05
"3367"	"ssaG"	40787.1852402766	50314.720375055	31259.6501054982	0.62128239752667	-0.686678915162311	6.43295300448537e-07	6.05412354977679e-05
"824"	"cds4257"	264.940765420544	341.876473178787	188.005057662302	0.549921016542085	-0.862703671205937	7.71697885586712e-07	6.95349052225473e-05
"1254"	"cds2622"	108.076429098307	146.662507101194	69.4903510954194	0.473811285985126	-1.07761553151214	7.60320977552087e-07	6.95349052225473e-05
"3694"	"fliQ"	202.868503238945	264.848069885758	140.888936592133	0.531961349210154	-0.910606667447583	8.18846015285014e-07	7.22461015569174e-05
"2303"	"acnA"	5069.80656000481	4006.44810425805	6133.16501575156	1.53082352651298	0.614307978396804	8.96706608583174e-07	7.75010711704029e-05
"1953"	"cds641"	195.757645732967	135.541024534337	255.974266931597	1.88853719979629	0.917269201799301	1.25603216229276e-06	0.000106385924146197
"3354"	"cds2942"	727.103491579734	908.466227172156	545.740755987311	0.600727621637708	-0.735217093943605	1.47315590113943e-06	0.000122329710614225
"2758"	"nusB"	1965.90836071466	1509.0994279126	2422.71729351672	1.60540601149643	0.6829382049471	1.61371517864338e-06	0.000128944977010466
"3069"	"cds2360"	293.553646128144	374.737987711974	212.369304544313	0.566714108278614	-0.819306976275753	1.60961440896383e-06	0.000128944977010466
"3691"	"fliR"	244.159843749962	310.21757560219	178.102111897735	0.574119991596238	-0.800575801907351	2.40684762064216e-06	0.000188759253211473
"640"	"cds1622"	884.334491263794	1197.31408195086	571.354900576723	0.477197177574139	-1.06734258477927	3.37872702927613e-06	0.000255516231589007
"1998"	"tviA"	62841.4641660006	86104.7299480968	39578.1983839045	0.459651849645913	-1.12138654884438	3.36280727989915e-06	0.000255516231589007
"2033"	"radC"	447.338373526097	556.793772813445	337.882974238748	0.606836841100873	-0.720619420541518	3.98231322954484e-06	0.000295878886440744
"2662"	"cds506"	141.853499396678	184.402278050512	99.3047207428442	0.538522201529648	-0.892922271238646	4.11409538616566e-06	0.000298332511189605
"3636"	"yebL"	1600.58335118306	2018.8830272821	1182.28367508402	0.585612766617614	-0.771981089531878	4.15622624797797e-06	0.000298332511189605
"2950"	"yffH"	554.57815864779	684.018460212273	425.137857083307	0.621529800455054	-0.6861045291317	5.58562295572369e-06	0.000394251886958164
"2747"	"staC"	762.042203059816	930.312573085915	593.771833033716	0.63824982077167	-0.647806867381266	5.75105387017583e-06	0.00039927398590483
"1693"	"cyoD"	2829.8542660431	2261.09738525412	3398.61114683207	1.50308039317382	0.587922174744255	6.02375689368498e-06	0.000407574398400825
"2073"	"yajD"	676.518253522617	832.591329552787	520.445177492447	0.625090796672114	-0.677862333281268	6.0630902241445e-06	0.000407574398400825
"342"	"rplT"	12539.9729929454	10052.8373680787	15027.1086178121	1.49481266508185	0.579964692388542	7.59956205150999e-06	0.000487638564971891
"1728"	"cds3687"	636.259651944989	787.134567481078	485.384736408901	0.616647720048922	-0.697481556376404	7.49573138685274e-06	0.000487638564971891
"3366"	"ssaH"	60422.8266899894	73142.799385729	47702.8539942497	0.652187971951715	-0.616640260617339	7.39400563856385e-06	0.000487638564971891
"1484"	"ybfM"	1071.90496962923	1304.17242111892	839.637518139527	0.643808674790986	-0.635296078814826	8.23333741224559e-06	0.000520420655833733
"2279"	"fba"	4455.04742537602	3570.08471870393	5340.01013204811	1.49576566182629	0.580884169207695	8.54462353023275e-06	0.00053215412721376
"3649"	"cds1166"	424.512002667212	522.786805852439	326.237199481985	0.624034875842043	-0.680301434712761	8.9490235256907e-06	0.000549262530888407
"3965"	"dcuR"	400.560635486169	495.736222839703	305.385048132634	0.616023268147143	-0.698943250125444	9.78777083618571e-06	0.000592160135589235
"1788"	"yhdJ"	168.035450566063	216.317172719955	119.753728412172	0.553602503705081	-0.853077627211251	1.07464219770528e-05	0.000641001367222796
"76"	"ydhA"	205.092041002755	263.632189752004	146.551892253507	0.555895288778529	-0.847114939612781	1.16736380796274e-05	0.000686636906489197
"3194"	"cds1235"	9701.0119650227	11681.4427773567	7720.58115268868	0.660927019019795	-0.597437119842961	1.19709531451818e-05	0.000694479268080069
"3881"	"cds3978"	325.870988666949	407.401672447177	244.34030488672	0.599752827274907	-0.737560041391789	1.21392544450402e-05	0.000694726251010074
"2955"	"cds3480"	2349.05633370485	2843.41368221573	1854.69898519398	0.652278983109032	-0.616438950273631	1.23277929087592e-05	0.000696109372914603
"3521"	"yehS"	1034.63044264793	1295.33376866012	773.927116635749	0.597473126510314	-0.743054270701431	1.31054539767838e-05	0.000730284178837889
"1044"	"yiiM"	1229.47239566776	979.905075734979	1479.03971560053	1.50937039946566	0.593946886646088	1.34494170670836e-05	0.000739717938689596
"2021"	"cds611"	102.085655673285	134.235221619382	69.936089727187	0.520996567692847	-0.940654226776705	1.55257229914646e-05	0.000832296669225981
"4057"	"cds1758"	1221.27407151658	1481.71207408181	960.836068951348	0.648463413208508	-0.624902916049038	1.536442873141e-05	0.000832296669225981
"1342"	"cds1509"	1485.90551184035	1790.40510152189	1181.40592215881	0.659853974474594	-0.599781303159105	1.6173542196349e-05	0.000856186890019226
"646"	"ecnR"	400.606655776642	494.964467698645	306.24884385464	0.618728946905127	-0.692620563635724	1.64236645096377e-05	0.000858694064176738
"408"	"cds3897"	663.363996693416	518.433650737702	808.294342649129	1.55910855998443	0.640721385699839	1.69984805550637e-05	0.000877909331106036
"2418"	"cedA"	391.49684444243	488.950114548713	294.043574336146	0.601377452600743	-0.733657316817298	1.83329361820694e-05	0.000935421502783902
"424"	"yjfO"	1573.01745896935	1904.91356957859	1241.1213483601	0.651536829901773	-0.618081361504798	1.88279813207159e-05	0.00094924405825276
"4116"	"cds945"	379.763373928545	466.310415649238	293.216332207852	0.628800735234727	-0.669325190396959	2.15013908892476e-05	0.00107127518136428
"1411"	"uxaC"	3691.65940470519	3014.64723730859	4368.67157210179	1.44914851662778	0.535205457712326	2.2961872377146e-05	0.00111774171858866
"2544"	"cds1338"	1375.51222491565	1655.53224519642	1095.49220463489	0.661716017802433	-0.595715892369926	2.27116806732619e-05	0.00111774171858866
"3463"	"ddlA"	1594.03145164833	1975.98646279079	1212.07644050588	0.61340321066471	-0.705092376932685	2.33608742213674e-05	0.00112424207190331
"1397"	"katG"	997.448726989561	787.167276783388	1207.73017719573	1.53427386124446	0.617556020647565	2.45957822760808e-05	0.00115736819932447
"2990"	"yfeC"	161.754509768695	207.602795177358	115.906224360031	0.558307629051961	-0.840867824779832	2.44129690488979e-05	0.00115736819932447
"3034"	"cds492"	179.995212402247	131.767888046524	228.222536757969	1.7320042093821	0.792442436327514	2.49191216266402e-05	0.00115969758339364
"1844"	"cds1478"	372.924919589811	460.991343172608	284.858496007015	0.61792591168107	-0.694494223194334	2.57353767978812e-05	0.00118466652977203
"2738"	"rci"	465.445427770613	568.902687555542	361.988167985685	0.636291892979226	-0.652239354616575	2.92645406628555e-05	0.00133263795384079
"195"	"grxB"	19375.3277055762	15979.2056937124	22771.44971744	1.42506768821433	0.5110304463875	2.98821630288522e-05	0.0013462868130552
"1194"	"cds2643"	465.277757332778	567.481881573862	363.073633091693	0.639797753691695	-0.644312167678447	3.04127311628269e-05	0.0013557675418376
"1145"	"yicN"	205.671273747512	259.126779724854	152.21576777017	0.587418127650858	-0.767540307146869	3.26679488668398e-05	0.00142627591186667
"4114"	"cds947"	108.273170494151	139.869711168555	76.6766298197465	0.548200387197086	-0.86722474773951	3.2648795726556e-05	0.00142627591186667
"4091"	"cds953"	550.719504398408	685.020167530289	416.418841266526	0.607892819809737	-0.718111116547061	3.30286974229401e-05	0.00142731156720563
"1248"	"hemA"	3898.41806452027	4658.16580095396	3138.67032808659	0.673799616029944	-0.569608488558672	3.42719285522883e-05	0.00146607694362566
"1527"	"cds3062"	457.832009851435	558.794244596695	356.869775106174	0.638642538925471	-0.646919443243252	3.73734085893422e-05	0.00158276385375864
"900"	"pmrD"	4745.51689878406	5657.41770025353	3833.61609731459	0.677626489757472	-0.561437821317091	3.78902250642214e-05	0.00158876339749483
"3365"	"ssaI"	59919.2878822759	71352.7747704504	48485.8009941014	0.679522291180482	-0.557407216671663	4.30470564104126e-05	0.00178729690096174
"2587"	"cds539"	532.56216279013	640.842383150343	424.281942429916	0.662069104019262	-0.594946287488124	4.59015029076509e-05	0.00188730936712526
"1261"	"cds1533"	129.612560382688	167.27327440922	91.9518463561569	0.54971032689421	-0.863256512693567	4.71553432149939e-05	0.00192021998572595
"1083"	"cds100"	5196.63906326822	6209.61093438184	4183.6671921546	0.673740631476628	-0.569734787899666	4.95317807150893e-05	0.00198511558717767
"1195"	"spaQ"	85.9318622259278	55.1623771677225	116.701347284133	2.11559677584779	1.0810646818381	4.96864822292405e-05	0.00198511558717767
"1926"	"cds1445"	174.901283927591	218.752737552416	131.049830302767	0.599077441357121	-0.739185585962786	5.16121009601875e-05	0.0020427780146392
"489"	"cheB"	418.808589642939	329.818953432145	507.798225853734	1.53962718203278	0.622581047187422	5.51219692980901e-05	0.00214466600073236
"593"	"cds865"	433.158127367842	342.039676854573	524.27657788111	1.53279462401088	0.616164406213846	5.51991957685541e-05	0.00214466600073236
"3374"	"cds2936"	361.142092156375	442.071851659003	280.212332653747	0.633861512788404	-0.657760422720744	5.78088229511421e-05	0.00222563968361897
"1079"	"lipB"	562.097260382189	676.171016232062	448.023504532315	0.662589040016695	-0.59381375510311	6.13260663757508e-05	0.00231889188483308
"1917"	"tcfD"	1611.54064645522	1923.59358133899	1299.48771157145	0.675552114634779	-0.565861026113557	6.12013085573988e-05	0.00231889188483308
"563"	"cds875"	136.723085272568	173.717279831953	99.7288907131838	0.574087337826482	-0.80065785926842	6.39039905057711e-05	0.00238008730182815
"2631"	"cds1319"	163.351240572276	207.158556452082	119.543924692471	0.577064866350923	-0.793194597328691	6.4068465739884e-05	0.00238008730182815
"3020"	"cds2379"	26263.3180162303	21967.3986474964	30559.2373849641	1.39111771381482	0.476244503238559	6.5272470894953e-05	0.00240372968904457
"1389"	"yodD"	89.8227041461755	118.163167185393	61.4822411069578	0.520316462155204	-0.942538741803078	7.36859532323962e-05	0.00266717958922391
"2378"	"cds2482"	1073.66167737477	1281.71197423728	865.611380512273	0.675355616481139	-0.566280724524144	7.32395802881969e-05	0.00266717958922391
"30"	"phnO"	618.612213026332	751.749159216807	485.475266835856	0.645794226549769	-0.630853551682836	7.54962211212302e-05	0.00270954658007127
"3259"	"narL"	2103.42163015045	1737.53271772272	2469.31054257819	1.42115916287008	0.507068138412169	7.91136250788248e-05	0.00281551430427582
"713"	"hns"	32698.6603343422	27275.2901235745	38122.0305451099	1.39767644532442	0.483030423122842	8.58527906972225e-05	0.0030060040751919
"1370"	"zur"	1576.33761050937	1863.21110142686	1289.46411959187	0.692065498431383	-0.531019511085419	8.58858307197686e-05	0.0030060040751919
"3747"	"cds345"	986.406957344451	1171.97576158542	800.838153103477	0.683323136325038	-0.549360119697359	9.00675975042484e-05	0.00312652684779092
"280"	"infB"	2992.45688529028	2413.67255213771	3571.24121844284	1.47958811367346	0.565195615676441	0.00010051096523928	0.00346068242104352
"862"	"cds4240"	43.8451707037058	61.4902289438636	26.200112463548	0.426085784905224	-1.23078417383082	0.000102775422525619	0.00351011221287094
"3773"	"exbD"	454.931490202519	357.353100710416	552.509879694622	1.54611749162449	0.628649955836749	0.000104459763029525	0.00353909677144032
"2607"	"cds531"	3322.26315153812	3928.89858437007	2715.62771870618	0.69119313222018	-0.532839212109812	0.000105564551157522	0.00354814185835006
"2070"	"yajI"	256.462892310855	311.365203016326	201.560581605385	0.647344596161622	-0.627394199008596	0.000108448574549135	0.00360655579184821
"2556"	"pduX"	999.986620147428	1175.51718269818	824.456057596675	0.701356024166563	-0.51178112010755	0.000109005700438387	0.00360655579184821
"1608"	"csgD"	214.760044202002	262.753030672962	166.767057731043	0.634691281405659	-0.655873070069115	0.000110705131474789	0.00363438939376537
"850"	"wzxC"	229.388244662239	281.962360901158	176.814128423321	0.627084153566522	-0.673269031786099	0.000112560528680563	0.00366687568432449
"3486"	"yejL"	664.581989113447	794.584954758217	534.579023468678	0.672777681313314	-0.571798248379739	0.000113464655491957	0.00366811309930106
"1854"	"cds1473"	693.936142543539	834.266299651963	553.605985435115	0.663584260404701	-0.591648427558897	0.000128081220057462	0.00410927247684357
"1163"	"tpx"	21500.5019775616	17746.868882603	25254.1350725201	1.42301919508045	0.508955122483232	0.000139745225457745	0.00444978217904926
"2091"	"prfB"	731.699474727655	874.920741000436	588.478208454874	0.672607449883943	-0.572163336464292	0.000142784363150947	0.00451262520853925
"947"	"ribH"	500.236034393839	407.048735361352	593.423333426325	1.4578680189229	0.54386011811202	0.000144243283661591	0.00452496523190249
"201"	"cds286"	463.837812322555	548.886753605301	378.788871039809	0.690103866693406	-0.535114578378865	0.000150258474662547	0.00467900470732269
"2088"	"yaiA"	367.956001591182	442.531527734536	293.380475447827	0.662959488897294	-0.593007379832495	0.000152936616301982	0.00472763919736418
"1509"	"cds3070"	83.3943994732379	108.735645099311	58.0531538471644	0.533892577674439	-0.905378602499869	0.000164609132411815	0.00505159185336259
"139"	"asnB"	1233.30062957551	1016.38433222689	1450.21692692414	1.42683912073568	0.512822676929166	0.000167474927819339	0.00510256344830863
"2329"	"gidB"	498.7671782653	594.603827848072	402.930528682527	0.677645366227747	-0.561397633084839	0.000169870847481669	0.00513859313632048
"74"	"glpE"	503.559517073276	607.374660640497	399.744373506054	0.658151219355299	-0.603508993679088	0.000172060344137229	0.00516791175476004
"3416"	"ivbL"	159.097949864288	200.21542324014	117.980476488435	0.58926767268538	-0.763004972997453	0.00017582631608177	0.00524383414511475
"3207"	"cds1221"	75.5501352871016	99.8806570572166	51.2196135169866	0.512808135489593	-0.963508944987283	0.000188049765356049	0.00556916612785222
"128"	"rpsP"	2325.25194105036	2712.77163035471	1937.732251746	0.714299806907311	-0.485398363553623	0.000191304596333601	0.00562621503800557
"496"	"cds2773"	4407.59999825219	3700.63386097563	5114.56613552875	1.38207840269298	0.466839459407791	0.000198247431983611	0.00579019223759031
"3477"	"exoX"	1591.23275190135	1872.27577451103	1310.18972929166	0.699784586826604	-0.51501720617943	0.000208159822925918	0.00603806061706343
"537"	"cds2760"	711.816061294197	850.242138817337	573.389983771058	0.674384340169998	-0.568357058935645	0.000215378085127223	0.00616301480076885
"2882"	"gntR"	1295.63104371813	1537.42738811329	1053.83469932297	0.685453314719616	-0.544869685507351	0.00021445467808205	0.00616301480076885
"2209"	"yabJ"	379.639321056295	300.178506054784	459.100136057806	1.52942374886101	0.612988181507233	0.000220511919572641	0.0062675703314774
"288"	"cds1047"	76.0130123818863	99.5665051103444	52.4595196534282	0.526879190901498	-0.924455893304742	0.000229918232858675	0.00649135810770993
"3160"	"cds1244"	207.751290788945	281.093923120327	134.408658457564	0.478162803967939	-1.06442618695855	0.000238529248864763	0.00668987661551174
"1855"	"cds1472"	4747.42638391591	5559.34806461763	3935.50470321418	0.707907592305946	-0.498367046475806	0.000247973397720927	0.00690899565360609
"1312"	"eutE"	37.8280708442362	24.1771856749941	51.4789560134784	2.1292369056305	1.09033647753265	0.000264770302647798	0.00731806004878509
"1779"	"ssb"	696.870835476421	822.964389605741	570.7772813471	0.693562550890621	-0.527902092958209	0.000266111274501276	0.00731806004878509
"1212"	"sitA"	1326.04823497658	1105.47546939103	1546.62100056213	1.3990550160413	0.484452695747369	0.000284808937227709	0.00778171515586676
"2069"	"fumA"	16739.8685830167	14150.5654026834	19329.17176335	1.36596462496718	0.449920121955049	0.000287468307489797	0.00780402745012365
"3336"	"cds1863"	65.3922861061897	84.9989766159535	45.7855955964259	0.538660551212242	-0.892551681565584	0.000290545420757637	0.0078373239293541
"17"	"phoE"	415.583510367906	490.621409636276	340.545611099536	0.694110783612155	-0.526762152238595	0.000297643001370401	0.00797796272660537
"1519"	"ybdO"	320.604379548324	385.803671354254	255.405087742394	0.662007924512142	-0.595079608087586	0.00031115474522299	0.00828767513219725
"1508"	"ybeF"	253.11454345027	307.900267998937	198.328818901602	0.644133310407793	-0.634568794185917	0.000343377750406044	0.00908877983105999
"3261"	"narK"	143.324881061845	178.473730993905	108.176031129784	0.606117385047988	-0.722330871442109	0.000350427940612421	0.00921777843784845
"3106"	"cds1260"	4120.23731527218	3491.5036502532	4748.97098029116	1.36015065599223	0.443766459280831	0.000356423194672253	0.00931760635454934
"2751"	"rluB"	948.067025912697	1120.1734383024	775.960613522989	0.692714705589644	-0.529666793861948	0.000385254791214525	0.0100095339925982
"1474"	"pfkB"	2157.09668757907	1818.39320848565	2495.80016667249	1.37253051486647	0.456838224390505	0.000390792207011676	0.0100303333132997
"2617"	"cds1321"	443.974169023806	533.535922655533	354.412415392079	0.664270952231455	-0.590156266407643	0.000390436719977846	0.0100303333132997
"920"	"cds3137"	293.363205585545	347.775978510231	238.950432660859	0.68708147608254	-0.541446906803904	0.000394320486042723	0.0100599232433189
"352"	"rcsF"	976.603985996899	1143.62901696656	809.578955027243	0.707903474830176	-0.498375437795824	0.000405076197784273	0.0102724413030922
"457"	"yjeS"	289.336918219632	346.654000857747	232.019835581516	0.669312441245203	-0.579248263378209	0.000436799874586198	0.0109598712654288
"2756"	"manY"	1997.28659028636	1678.26270696048	2316.31047361224	1.38018348617621	0.464860076423508	0.000437359679777444	0.0109598712654288
"1879"	"cds2553"	368.592091238244	442.955726790091	294.228455686397	0.664238969927182	-0.590225728759426	0.000447610358222268	0.0111507639239488
"1816"	"sodA"	28971.0452266446	24727.9786729568	33214.1117803323	1.3431794090253	0.425652019005216	0.000451204286256203	0.0111745622941229
"1723"	"adiY"	235.40704968213	285.860214794665	184.953884569595	0.647008135435874	-0.628144242207136	0.00046800093824521	0.0115231626364445
"2177"	"cds4040"	1056.35304973772	723.171514424601	1389.53458505084	1.92144540725783	0.942191986654542	0.000472648617609942	0.011570328876174
"127"	"ydeV"	2879.97693180381	3376.32553803079	2383.62832557682	0.705982968386115	-0.502294715528692	0.000482335514206681	0.011739602888881
"925"	"cds3134"	249.092241356054	299.948086506666	198.236396205442	0.660902353184495	-0.597490962311618	0.000512332506063857	0.0123984466467454
"2050"	"pepN"	2924.59087400727	2492.00176749324	3357.1799805213	1.34718202222559	0.429944791275975	0.000516948974435539	0.0124390846973552
"1064"	"yihI"	1054.80773193601	1229.66189549643	879.953568375595	0.715606112215382	-0.482762384935828	0.000545699990393781	0.0130567201091393
"2126"	"cds4069"	1810.8582822432	2099.76315674093	1521.95340774548	0.724821465154062	-0.464302414320035	0.000549061677952335	0.01306334947263
"3161"	"cds1243"	642.647695007037	752.203153796709	533.092236217365	0.708707791939728	-0.49673718394713	0.000557437856375749	0.0131885436969346
"3305"	"relB"	773.853575648037	923.7534027154	623.953748580674	0.675454885196139	-0.566068682223724	0.000574879263525832	0.0135256315612883
"183"	"cds1088"	690.431754433366	810.732645203016	570.130863663716	0.703229192801222	-0.507933133286359	0.000611074093124726	0.0142192240900177
"2830"	"deoB"	3796.11554269479	3248.35121547644	4343.87986991315	1.33725683639662	0.419276579126422	0.000610774933908272	0.0142192240900177
"1336"	"zwf"	2250.61198511966	1906.14039847571	2595.0835717636	1.36143359315967	0.445126613556352	0.000623141381312181	0.0144207855183447
"2344"	"sanA"	1010.90915699894	1188.28770418091	833.530609816968	0.7014552173554	-0.511577093339546	0.000629612990418228	0.0144913642088108
"3032"	"cds493"	534.028516833346	443.37019906584	624.686834600851	1.40895088555125	0.494621321791885	0.000650202723817932	0.0147447858731632
"3145"	"dut"	420.222797325159	494.995073418341	345.450521231977	0.697886786723678	-0.518935077764351	0.00064440930342711	0.0147447858731632
"3658"	"cds3336"	749.948625884261	881.138485891807	618.758765876716	0.702226466989993	-0.509991722314912	0.000651068467126688	0.0147447858731632
"2898"	"yscR"	38265.8630217909	44310.654559021	32221.0714845607	0.727163067330518	-0.45964916808939	0.000681405285830611	0.0153497414121949
"1636"	"envE"	782.607304184981	910.841678001823	654.372930368138	0.718426644467655	-0.477087238226273	0.000694386343070947	0.0155158814300888
"2179"	"acrR"	2067.58863153678	2405.40526068945	1729.77200238411	0.719118740884567	-0.475698086752079	0.000696108021656875	0.0155158814300888
"1430"	"ybhT"	263.376738872125	317.548452965288	209.205024778962	0.658812923903085	-0.602059238262671	0.000701600406694105	0.0155564278657044
"704"	"hpt"	457.259973544851	541.661633154343	372.858313935359	0.688360207024513	-0.538764394934768	0.000711296493311026	0.0156892742144385
"1588"	"ybaJ"	3221.25651819505	3749.4986201879	2693.01441620221	0.718233206355268	-0.477475739661719	0.000735120254401805	0.0161307475512521
"1983"	"cds1427"	356.961664585695	424.790778241578	289.132550929812	0.680646957842816	-0.555021408600583	0.000741664331113795	0.0161904558879738
"101"	"menB"	1074.37423235052	901.162347727695	1247.58611697335	1.38441882322222	0.469280462322972	0.000755022247660738	0.0163975344556063
"754"	"aldB"	3121.74442001159	2608.09644427374	3635.39239574944	1.39388725586862	0.47911387399169	0.000779825855104936	0.0168498086549459
"344"	"rplS"	2304.45859619254	1937.10368081408	2671.813511571	1.3792826569036	0.463918139176914	0.000806198196018004	0.0173312150260723
"907"	"hybA"	233.178874600902	183.956235424706	282.401513777099	1.53515597405605	0.618385242934514	0.000814683969142722	0.0174251848955527
"4053"	"cds963"	1172.78324086352	1366.1872400377	979.379241689351	0.716870435462658	-0.480215699818327	0.000831982213061208	0.017705752122182
"3818"	"cds2205"	1428.0792776588	1208.24206061234	1647.91649470526	1.36389598444378	0.447733623504944	0.000872429210316327	0.0184736885284482
"4117"	"cds944"	79.2942879059845	100.191231091073	58.3973447208959	0.582858839890022	-0.778781569350667	0.000889956229311182	0.0187510678165814
"761"	"cds4282"	344.895426292964	407.921152029029	281.869700556899	0.690990646488564	-0.533261913008843	0.000911302582093994	0.0191057744315251
"1762"	"cds3671"	9286.37521523476	7500.87039472476	11071.8800357447	1.47607936853987	0.561770296954118	0.000921591499503369	0.0191370445778706
"2757"	"manX"	5325.86887605452	4555.44388057717	6096.29387153187	1.33824365557972	0.420340813059882	0.000921831663255161	0.0191370445778706
"866"	"cadA"	762.550405796867	888.649340810318	636.451470783417	0.71620091475347	-0.481563733574008	0.000990766214084594	0.0199956012134759
"946"	"cds4217"	645.677254796483	786.072902221728	505.281607371237	0.642792298199222	-0.637575451836328	0.000996238927046852	0.0199956012134759
"980"	"cds4200"	50.532440281003	34.703211451447	66.3616691105589	1.91226305390799	0.935280996364995	0.000969964008529873	0.0199956012134759
"1150"	"cds2663"	1861.90904938622	2156.14399662379	1567.67410214865	0.727073008390628	-0.459827856526985	0.000990073157718893	0.0199956012134759
"1811"	"cds1480"	826.33797027398	967.877208705283	684.798731842678	0.707526456541657	-0.499143999228614	0.000995695779684146	0.0199956012134759
"2572"	"pduL"	22.3648786032022	12.1190126076876	32.6107445987168	2.69087471515876	1.42807522188624	0.000984652494285857	0.0199956012134759
"3723"	"srlM"	195.176414001503	236.061617457377	154.291210545629	0.65360566536611	-0.613507606262749	0.000982755063649579	0.0199956012134759
"3882"	"cds3977"	163.42095383434	200.763332742148	126.078574926533	0.627996024993583	-0.671172667522362	0.00101287006890954	0.0202335129331693
"3107"	"hutU"	952.724001297167	797.397213686716	1108.05078890762	1.38958447545185	0.474653541347368	0.00105130659637393	0.0209027391344769
"2902"	"yfjA"	4202.27311430476	4798.48773351473	3606.0584950948	0.75149895036899	-0.412157005780333	0.00114947303991058	0.0227477491776697
"392"	"nlpB"	3180.48474249553	2685.06741662389	3675.90206836717	1.36901667556233	0.453140019718205	0.00118237058609903	0.0232899508471134
"955"	"ribB"	5403.88144246313	4673.42937880134	6134.33350612493	1.31259788239237	0.39242501072287	0.00119602755408394	0.0234455242770535
"3443"	"dcp"	1295.47037336247	1103.54959677131	1487.39114995364	1.34782446960731	0.430632623139826	0.00120134091336968	0.0234455242770535
"3334"	"cds1866"	2235.13479551875	2579.47104960965	1890.79854142784	0.733017934709508	-0.448079597756199	0.00121613015428967	0.0236252807496181
"2375"	"cds2483"	857.595332865331	999.98349706467	715.207168665993	0.715218971878433	-0.483543088970282	0.00123378045679634	0.0236297365795874
"2557"	"cds1332"	3159.95421534799	3766.36589953191	2553.54253116406	0.67798578239077	-0.560673075049928	0.0012372032923382	0.0236297365795874
"3915"	"cds1793"	170.345177081515	209.193594581441	131.496759581589	0.62858884300301	-0.669811429316201	0.00123570198144957	0.0236297365795874
"4044"	"cds3932"	253.333359215333	302.473958460173	204.192759970494	0.675075504053289	-0.566879224973671	0.00123867804502206	0.0236297365795874
"2302"	"acnB"	17539.7255499168	15217.9278405198	19861.5232593138	1.30513979744534	0.384204346472694	0.00125996928053897	0.0239281161573208
"983"	"cds2028"	315.813666588114	258.697552494332	372.929780681896	1.44156671404948	0.527637604644945	0.00126745334907928	0.0239627898810301
"1903"	"cds1453"	975.002481728646	1131.24698924102	818.757974216272	0.72376588137096	-0.46640499482694	0.00130227845426471	0.0245117744613824
"1418"	"ybiI"	270.21713076387	318.52773479609	221.906526731651	0.696663123773845	-0.521466895247871	0.00133670400444385	0.0250484135346004
"3362"	"sfhB"	3981.55091047476	4584.51562335716	3378.58619759236	0.73695597859437	-0.440349651089946	0.00136442268605665	0.0254551985702639
"1188"	"spaT"	243.951127758312	195.205545939115	292.696709577509	1.49942824712983	0.584412485870033	0.0014478858926529	0.0267764050453494
"3750"	"htrA"	8973.6911984101	7730.90732695318	10216.475069867	1.32151048224936	0.402187868512734	0.00144706661007791	0.0267764050453494
"2820"	"cds1913"	34851.0549551573	29541.7155986039	40160.3943117108	1.35944692100444	0.44301982308124	0.00147089529337317	0.0270836589888495
"1898"	"cds661"	256.748486291506	302.439960776966	211.057011806045	0.697847636482431	-0.519016012730162	0.00151485337739488	0.0277723119189062
"2466"	"pdxH"	1251.50552229355	1485.27399223428	1017.73705235281	0.685218389114751	-0.545364225531031	0.00156192025566209	0.0282680866783288
"2979"	"gatA"	46.0900903927909	61.2709142205787	30.909266565003	0.504468832531663	-0.98716295645962	0.00155192280421244	0.0282680866783288
"3864"	"cds3986"	161.728865367176	192.881591396646	130.576139337706	0.676975642891632	-0.562824167308065	0.0015604406752501	0.0282680866783288
"1324"	"tdcA"	111.299049819917	134.615936117923	87.9821635219115	0.653579108530207	-0.613566226002252	0.00156980822373964	0.0282899482022868
"3844"	"cds3993"	684.530988067118	795.827317290972	573.234658843264	0.720300304335591	-0.473329581041642	0.00158495635032154	0.0284419073881852
"777"	"aroK"	1389.79526477406	1588.29735342128	1191.29317612684	0.750044173756714	-0.414952529434779	0.00159559692088804	0.028512037805742
"3139"	"cds1255"	73.8842157317174	91.6192380604598	56.1491934029749	0.612853747658564	-0.706385266814845	0.00164930258274701	0.0293478841929982
"3247"	"cds2990"	1688.24145095592	1410.54088447196	1965.94201743987	1.39375046769795	0.478972289155204	0.00166840849601004	0.029563640086203
"348"	"rplQ"	3178.59381178959	2682.51368341313	3674.67394016606	1.36986214194835	0.454030712795453	0.00167907142520152	0.0296077720704505
"3912"	"pgk"	4934.73918470929	4253.00029536516	5616.47807405343	1.3205919783674	0.401184787770281	0.00168488148027829	0.0296077720704505
"3183"	"hofC"	200.463023419616	237.761073484279	163.164973354954	0.686256042521371	-0.543181147706158	0.00169592394041291	0.0296786689572259
"3823"	"cds324"	2866.35911396945	2436.84251831458	3295.87570962433	1.35251896043897	0.435648818776339	0.00172326777313202	0.0300330823835972
"283"	"cds3221"	65.0536088033553	83.3073172949106	46.7999003118	0.56177418540711	-0.831937763482532	0.00178348211661608	0.0308287623015065
"965"	"cds2030"	749.470186899169	638.136648187227	860.803725611111	1.3489332230901	0.43181893160622	0.00177855774917684	0.0308287623015065
"621"	"fdoI"	2012.24190839018	1731.15554383247	2293.32827294789	1.32473842753082	0.405707524537834	0.00179920967488879	0.0309741990778619
"4145"	"cds3900"	470.744335827889	556.887615518627	384.601056137151	0.690625981651565	-0.534023484856526	0.00181774710866159	0.0311666356485094
"3832"	"cds1108"	3574.26776758439	3100.73253524037	4047.80299992841	1.30543442684089	0.38452999158611	0.00183096752606761	0.0312667236810336
"1417"	"ybiJ"	984.681075972004	847.389176303551	1121.97297564046	1.32403505616473	0.404941320548052	0.00189443998678052	0.032048620490202
"2081"	"sucD"	4895.29197985763	3815.12236077789	5975.46159893738	1.56625686776636	0.647320835530055	0.0019021930769686	0.032048620490202
"2227"	"yaaH"	180.480156723371	216.405435221251	144.554878225492	0.66798173566066	-0.58211943864316	0.0018935108232843	0.032048620490202
"3049"	"garL"	346.975689200719	278.831773561824	415.119604839614	1.48878156723976	0.57413209846214	0.00190702535148309	0.032048620490202
"2953"	"cds3481"	1351.3345117618	1554.91429886573	1147.75472465787	0.73814661392922	-0.4380206957009	0.00192069580248136	0.032150777563275
"4156"	"cds1721"	382.659042261593	444.535876299663	320.782208223523	0.721611517373421	-0.470705729790582	0.00194650840837791	0.0324545791711829
"1277"	"cds3700"	1288.39444479407	1108.87561586924	1467.9132737189	1.323785330574	0.404669188892743	0.00195928792138392	0.0325395464590624
"3467"	"ccmC"	11.3784673842456	4.61356939076633	18.143365377725	3.93260918845989	1.97548682246556	0.00197660501272997	0.0326989149566852
"2188"	"modB"	217.546321045212	173.746392960816	261.346249129607	1.50418230085816	0.588979426460916	0.0019956732687171	0.0328858999728285
"3813"	"crr"	6132.469761788	5295.37841745894	6969.56110611707	1.31615921595675	0.396334022642497	0.0020046441398531	0.0329056896599918
"4048"	"cds2847"	192.164680797395	243.34827309826	140.981088496529	0.579338767033711	-0.787520887264195	0.00204344471786351	0.0334130825488492
"4115"	"cds2826"	3814.71633589635	3252.63183186816	4376.80083992453	1.34561827657288	0.428269205936071	0.00206977152733251	0.0337133939163584
"1908"	"fur"	6192.91585133035	7097.62814429146	5288.20355836924	0.745066302553829	-0.424559279903975	0.00209476224776448	0.0339897245949524
"1040"	"yiiU"	7976.80429996216	6915.8819304346	9037.72666948972	1.30680754246506	0.386046686675827	0.00217561493992481	0.0351669056129067
"3024"	"bcfD"	103.54852066285	126.022626664305	81.0744146613956	0.643332207932461	-0.636364176976523	0.00223678989449908	0.0360182707346144
"558"	"cds877"	495.184434154304	572.258882105575	418.109986203032	0.730630837331234	-0.452785448871562	0.00227537840641301	0.0365008619362088
"566"	"cds874"	104.615826200441	129.575028054925	79.6566243459579	0.61475290062984	-0.701921457885179	0.00237317737850553	0.0377868803384623
"783"	"aroF"	1057.70372901291	912.751327957616	1202.6561300682	1.31761641230288	0.397930430578016	0.00237339083117615	0.0377868803384623
"330"	"rplY"	1299.52822703027	1100.77321083024	1498.2832432303	1.36111891940052	0.444793118961289	0.00238504179006846	0.0378301572319848
"2235"	"fucU"	130.00833535466	101.213955150009	158.802715559311	1.5689804367782	0.649827363817145	0.0024099050095444	0.0380818944605244
"1008"	"hexR"	2326.11968026827	2674.75433667323	1977.4850238633	0.739314634151722	-0.435739624253641	0.00246361129999813	0.038785850763911
"3335"	"cds1864"	99.7342382016918	123.016870463247	76.4516059401371	0.621472531793746	-0.686237467279254	0.00247447773556983	0.0388126415190304
"3476"	"pipA"	243.086004083083	309.744594833836	176.42741333233	0.569589966297797	-0.812004362382046	0.0024894761905434	0.0389038068891191
"2435"	"cds1373"	495.406130333394	571.655401144151	419.156859522637	0.733233445680226	-0.447655500476417	0.00250886125914897	0.0390626008547642
"1649"	"yhjY"	459.156033776025	539.055636603141	379.256430948908	0.703557119518853	-0.50726053894317	0.00252508610651495	0.0391238168133189
"2536"	"cds545"	192.624694014894	230.776344273613	154.473043756175	0.669362556385023	-0.579140244831732	0.00253126937587943	0.0391238168133189
"3130"	"cds1257"	111.928647823929	135.834087523365	88.023208124492	0.648020020080385	-0.625889710134671	0.00256965248131311	0.0395726482122219
"2619"	"ftsH"	16611.4530855192	14241.1920526169	18981.7141184214	1.33287396506484	0.41454036739427	0.00261375173319668	0.0401059369206085
"2762"	"fadB"	116550.10318835	92440.9201855627	140659.286191138	1.52161278694309	0.605601275116235	0.00267909849974227	0.0409602243552654
"2824"	"deoD"	440.76852229887	376.30962823216	505.227416365579	1.34258434666967	0.425012727093027	0.00269274512299651	0.041020775524785
"3244"	"slyX"	475.602393983564	549.388649925401	401.816138041727	0.731387767286943	-0.451291597579216	0.00270278684626665	0.0410261730965565
"32"	"codB"	260.744221795935	306.474787480868	215.013656111003	0.701570455039226	-0.511340101474572	0.00273447046003023	0.0410655404192483
"1674"	"yhjD"	758.670747634682	871.216594397442	646.124900871922	0.741635208772395	-0.431218358049641	0.00273325226340186	0.0410655404192483
"2850"	"tatB"	3000.21388259514	3412.69284641489	2587.7349187754	0.758267747856028	-0.399220734224891	0.00273202752915341	0.0410655404192483
"604"	"sdhB"	14864.8071537195	13047.8689814662	16681.7453259728	1.27850343605292	0.354456037912249	0.0027821213107362	0.0415766130750292
"645"	"bfr"	1553.66961927863	1782.35474642546	1324.9844921318	0.743389886210407	-0.427809034362355	0.00279606423516047	0.0415766130750292
"987"	"cds2026"	109.760523185358	134.963732109423	84.557314261293	0.626518790935161	-0.67457031449837	0.00280777127259938	0.0415766130750292
"2852"	"lspA"	1682.2131466401	1451.43494080796	1912.99135247223	1.3180000692331	0.398350446129157	0.00280101797612869	0.0415766130750292
"1840"	"clpA"	15318.0049860928	13366.5105870212	17269.4993851645	1.29199758401666	0.36960337225286	0.00286604641718464	0.0422916605462612
"2642"	"cds1312"	1147.12133649614	957.369202047249	1336.87347094503	1.39640325601266	0.481715625959082	0.00289363692409815	0.042550529074846
"375"	"cds2119"	257.060394168376	300.495726214632	213.62506212212	0.710908819946199	-0.49226356098777	0.00295858224148585	0.0432055027334226
"1562"	"cds3046"	1306.99830427693	1505.59737141609	1108.39923713776	0.736185688272858	-0.441858391427913	0.00295255680438617	0.0432055027334226
"1300"	"dapB"	393.802815773126	331.015206497619	456.590425048634	1.37936389654026	0.464003111295444	0.00296892867713468	0.0432076046311524
"1268"	"gst"	14296.0464551525	16347.3128807268	12244.7800295783	0.749039314223601	-0.416886652642678	0.00303241656846329	0.0439804252309658
"3968"	"cds985"	854.27177885	986.121274079025	722.422283620974	0.732589695213371	-0.44892268700104	0.00308997001748867	0.0446621946213806
"2196"	"cds4039"	715.47487899517	489.816609814761	941.133148175578	1.92139900795013	0.942157147850837	0.00311381523620467	0.0448537670929482
"3364"	"ssaJ"	93343.276279154	107151.001655987	79535.5509023213	0.742275384019963	-0.429973569156362	0.00313053833174684	0.0449417960506707
"677"	"pagP"	701.945850495316	816.593509016132	587.2981919745	0.719205070197169	-0.475524903397449	0.0031598526597998	0.0450571582971453
"3193"	"cpxA"	1678.7844373884	1449.36144548333	1908.20742929347	1.31658492451282	0.396800583459111	0.00315133264748082	0.0450571582971453
"4172"	"cds1719"	49752.8098833267	43667.4757961227	55838.1439705308	1.27871242732763	0.354691849585886	0.0031938065632471	0.0453884926018505
"3791"	"cds1126"	543.850745925087	469.247080673734	618.454411176441	1.31797178213337	0.398319482476427	0.00324891992142569	0.0460173105927685
"2035"	"cyaY"	682.78640207743	796.386870392672	569.185933762187	0.714710343581556	-0.484569427187946	0.00339758518188135	0.0476677046532152
"3143"	"cds1253"	507.012166039821	436.440867805922	577.58346427372	1.3233945463846	0.404243239435282	0.00339920821848194	0.0476677046532152
"4092"	"cds1749"	106.093503837076	81.4445438596427	130.74246381451	1.6052943219846	0.682837831889404	0.00338343976392091	0.0476677046532152
"3317"	"cds1878"	629.160605746673	720.858294434403	537.462917058943	0.745587477051429	-0.423550466316206	0.00349198670188327	0.0488071408662563
"2763"	"fadA"	46480.1696045136	38018.157601521	54942.1816075061	1.445156343013	0.531225577908199	0.00357007594133012	0.0495713823328952
"3534"	"yraN"	167.02954706705	200.256096937382	133.802997196718	0.668159418080325	-0.581735734351893	0.00356916326559097	0.0495713823328952
